1614585273,-26
1614585274,-26
1614585275,-26
1614585276,-26
1614585278,-26
1614585279,-26
1614585280,-26
1614585281,-26
1614585282,-26
1614585284,-26
1614585285,-26
1614585286,-26
1614585287,-26
1614585289,-26
1614585290,-26
1614585291,-25
1614585292,-25
1614585294,-26
1614585295,-25
1614585296,-27
1614585297,-26
1614585298,-26
1614585300,-26
1614585301,-26
1614585302,-27
1614585303,-26
1614585305,-26
1614585306,-25
1614585307,-25
1614585308,-25
1614585309,-26
1614585311,-26
1614585312,-25
1614585313,-27
1614585314,-25
1614585316,-27
1614585317,-22
1614585318,-21
1614585319,-21
1614585321,-21
1614585322,-21
1614585323,-21
1614585324,-21
1614585325,-21
1614585327,-21
1614585328,-26
1614585329,-24
1614585330,-25
1614585332,-26
1614585333,-25
1614585334,-25
1614585335,-25
1614585336,-26
1614585338,-26
1614585339,-25
1614585340,-26
1614585341,-25
1614585343,-26
1614585344,-25
1614585345,-26
1614585346,-25
1614585347,-24
1614585349,-24
1614585350,-24
1614585351,-26
1614585352,-24
1614585354,-26
1614585355,-21
1614585356,-23
1614585357,-25
1614585359,-25
1614585360,-51
1614585361,-26
1614585362,-25
1614585363,-24
1614585365,-31
1614585366,-50
1614585367,-52
1614585368,-53
1614585370,-54
1614585371,-52
1614585372,-55
1614585373,-59
1614585374,-68
1614585376,-54
1614585377,-75
1614585378,-69
1614585379,-71
1614585381,-64
1614585382,-68
1614585383,-56
1614585384,-54
1614585386,-57
1614585387,-59
1614585388,-61
1614585389,-66
1614585390,-57
1614585392,-60
1614585393,-65
1614585394,-66
1614585395,-64
1614585397,-62
1614585398,-61
1614585399,-64
1614585400,-59
1614585401,-59
1614585403,-64
1614585404,-64
1614585405,-59
1614585406,-65
1614585408,-62
1614585409,-64
1614585410,-60
1614585411,-66
1614585412,-66
1614585414,-68
1614585415,-66
1614585416,-60
1614585417,-61
1614585419,-65
1614585420,-59
1614585421,-61
1614585422,-62
1614585424,-62
1614585425,-64
1614585426,-61
1614585427,-64
1614585428,-65
1614585430,-62
1614585431,-64
1614585432,-62
1614585433,-59
1614585435,-62
1614585436,-66
1614585437,-67
1614585438,-65
1614585439,-66
1614585441,-64
1614585442,-67
1614585443,-67
1614585444,-61
1614585446,-59
1614585447,-61
1614585448,-60
1614585449,-60
1614585450,-60
1614585452,-61
1614585453,-61
1614585454,-62
1614585455,-62
1614585457,-62
1614585458,-61
1614585459,-64
1614585460,-61
1614585462,-62
1614585463,-62
1614585464,-62
1614585465,-64
1614585466,-62
1614585468,-62
1614585469,-61
1614585470,-60
1614585471,-61
1614585473,-61
1614585474,-62
1614585475,-62
1614585476,-61
1614585477,-62
1614585479,-62
1614585480,-62
1614585481,-61
1614585482,-61
1614585484,-61
1614585485,-62
1614585486,-60
1614585487,-61
1614585489,-60
1614585490,-60
1614585491,-61
1614585492,-61
1614585493,-61
1614585495,-61
1614585496,-61
1614585497,-59
1614585498,-59
1614585500,-60
1614585501,-62
1614585502,-61
1614585503,-62
1614585504,-65
1614585506,-58
1614585507,-58
1614585508,-61
1614585509,-62
1614585511,-64
1614585512,-65
1614585513,-65
1614585514,-66
1614585515,-68
1614585517,-71
1614585518,-78
1614585519,-86
1614585520,-90
1614585522,-93
1614585523,-92
1614585524,-88
1614585525,-82
1614585527,-78
1614585528,-77
1614585529,-77
1614585530,-76
1614585531,-76
1614585533,-76
1614585534,-76
1614585535,-76
1614585536,-79
1614585538,-77
1614585539,-75
1614585540,-76
1614585541,-76
1614585542,-76
1614585544,-75
1614585545,-76
1614585546,-76
1614585547,-75
1614585549,-77
1614585550,-75
1614585551,-75
1614585552,-76
1614585553,-77
1614585555,-78
1614585556,-77
1614585557,-74
1614585558,-73
1614585560,-73
1614585561,-74
1614585562,-74
1614585563,-74
1614585565,-74
1614585566,-73
1614585567,-73
1614585568,-74
1614585569,-76
1614585571,-75
1614585572,-74
1614585573,-77
1614585574,-76
1614585576,-77
1614585577,-77
1614585578,-75
1614585579,-76
1614585580,-77
1614585582,-77
1614585583,-77
1614585584,-78
1614585585,-79
1614585587,-78
1614585588,-79
1614585589,-86
1614585590,-67
1614585592,-79
1614585593,-68
1614585594,-81
1614585595,-100
1614585596,-92
1614585598,-105
1614585599,-72
1614585600,-71
1614585601,-69
1614585603,-78
1614585604,-71
1614585605,-73
1614585606,-77
1614585607,-81
1614585609,-73
1614585610,-73
1614585611,-72
1614585612,-73
1614585614,-74
1614585615,-74
1614585616,-74
1614585617,-74
1614585618,-74
1614585620,-73
1614585621,-73
1614585622,-74
1614585623,-73
1614585625,-73
1614585626,-74
1614585627,-74
1614585628,-74
1614585630,-74
1614585631,-74
1614585632,-74
1614585633,-74
1614585634,-74
1614585636,-74
1614585637,-74
1614585638,-74
1614585639,-74
1614585641,-73
1614585642,-74
1614585643,-73
1614585644,-77
1614585645,-77
1614585647,-75
1614585648,-75
1614585649,-70
1614585650,-71
1614585652,-76
1614585653,-78
1614585654,-72
1614585655,-70
1614585657,-68
1614585658,-70
1614585659,-72
1614585660,-71
1614585661,-78
1614585663,-76
1614585664,-73
1614585665,-72
1614585666,-73
1614585668,-72
1614585669,-73
1614585670,-73
1614585671,-74
1614585672,-74
1614585674,-74
1614585675,-74
1614585676,-74
1614585677,-74
1614585679,-74
1614585680,-74
1614585681,-74
1614585682,-74
1614585683,-74
1614585685,-74
1614585686,-74
1614585687,-74
1614585688,-75
1614585690,-76
1614585691,-77
1614585692,-77
1614585693,-77
1614585695,-77
1614585696,-77
1614585697,-76
1614585698,-76
1614585699,-75
1614585701,-75
1614585702,-76
1614585703,-74
1614585704,-73
1614585706,-75
1614585707,-74
1614585708,-73
1614585709,-73
1614585710,-73
1614585712,-74
1614585713,-74
1614585714,-74
1614585715,-73
1614585717,-75
1614585718,-74
1614585719,-73
1614585720,-74
1614585721,-73
1614585723,-75
1614585724,-71
1614585725,-73
1614585726,-73
1614585728,-73
1614585729,-73
1614585730,-74
1614585731,-73
1614585733,-74
1614585734,-74
1614585735,-78
1614585736,-79
1614585737,-79
1614585739,-75
1614585740,-66
1614585741,-65
1614585742,-67
1614585744,-69
1614585745,-68
1614585746,-69
1614585747,-76
1614585749,-71
1614585750,-70
1614585751,-76
1614585753,-82
1614585754,-81
1614585756,-85
1614585757,-81
1614585759,-90
1614585760,-85
1614585761,-88
1614585763,-88
1614585764,-85
1614585766,-75
1614585767,-82
1614585768,-82
1614585769,-86
1614585771,-82
1614585772,-83
1614585773,-83
1614585774,-81
1614585776,-82
1614585777,-83
1614585778,-82
1614585779,-81
1614585780,-81
1614585782,-83
1614585783,-81
1614585784,-79
1614585785,-79
1614585787,-79
1614585788,-79
1614585789,-79
1614585790,-79
1614585791,-84
1614585793,-84
1614585795,-89
1614585796,-89
1614585797,-89
1614585798,-86
1614585799,-86
1614585801,-83
1614585802,-84
1614585803,-84
1614585804,-86
1614585806,-86
1614585807,-82
1614585808,-84
1614585809,-84
1614585811,-84
1614585812,-84
1614585813,-84
1614585814,-86
1614585815,-84
1614585817,-86
1614585818,-85
1614585819,-85
1614585820,-83
1614585822,-84
1614585823,-86
1614585824,-84
1614585825,-85
1614585826,-90
1614585828,-90
1614585829,-89
1614585830,-89
1614585831,-87
1614585833,-85
1614585834,-84
1614585835,-81
1614585836,-79
1614585838,-81
1614585839,-82
1614585840,-82
1614585841,-81
1614585842,-82
1614585844,-82
1614585845,-82
1614585846,-82
1614585847,-83
1614585849,-82
1614585850,-83
1614585851,-82
1614585852,-82
1614585853,-83
1614585855,-83
1614585856,-82
1614585857,-82
1614585858,-79
1614585860,-82
1614585861,-81
1614585862,-83
1614585863,-82
1614585864,-83
1614585866,-83
1614585867,-82
1614585868,-83
1614585869,-82
1614585871,-82
1614585872,-81
1614585873,-81
1614585874,-81
1614585876,-79
1614585877,-82
1614585878,-83
1614585879,-83
1614585880,-83
1614585882,-83
1614585883,-83
1614585884,-82
1614585885,-83
1614585887,-82
1614585888,-82
1614585889,-83
1614585890,-82
1614585891,-83
1614585893,-81
1614585894,-82
1614585895,-84
1614585896,-85
1614585898,-84
1614585899,-85
1614585900,-85
1614585901,-85
1614585902,-84
1614585904,-84
1614585905,-82
1614585906,-81
1614585907,-83
1614585909,-82
1614585910,-84
1614585911,-82
1614585912,-82
1614585914,-83
1614585915,-82
1614585916,-81
1614585917,-82
1614585918,-81
1614585920,-83
1614585921,-81
1614585922,-82
1614585923,-82
1614585925,-81
1614585926,-84
1614585927,-82
1614585928,-83
1614585929,-84
1614585931,-85
1614585932,-86
1614585933,-85
1614585934,-84
1614585936,-85
1614585937,-85
1614585938,-86
1614585939,-83
1614585941,-84
1614585942,-84
1614585943,-83
1614585944,-85
1614585945,-84
1614585947,-84
1614585948,-83
1614585949,-84
1614585950,-83
1614585952,-83
1614585953,-81
1614585954,-83
1614585955,-83
1614585956,-83
1614585958,-83
1614585959,-82
1614585960,-83
1614585961,-83
1614585963,-83
1614585964,-83
1614585965,-83
1614585966,-86
1614585967,-85
1614585969,-87
1614585970,-86
1614585971,-86
1614585972,-85
1614585974,-82
1614585975,-84
1614585976,-84
1614585977,-84
1614585979,-85
1614585980,-85
1614585981,-84
1614585982,-85
1614585983,-85
1614585985,-86
1614585986,-84
1614585987,-84
1614585988,-84
1614585990,-85
1614585991,-84
1614585992,-84
1614585993,-84
1614585994,-83
1614585996,-84
1614585997,-85
1614585998,-88
1614585999,-88
1614586001,-88
1614586002,-86
1614586003,-87
1614586004,-88
1614586006,-87
1614586007,-87
1614586008,-85
1614586009,-86
1614586010,-85
1614586012,-86
1614586013,-86
1614586014,-88
1614586015,-87
1614586017,-86
1614586018,-87
1614586019,-86
1614586020,-87
1614586021,-86
1614586023,-87
1614586024,-87
1614586025,-86
1614586026,-87
1614586028,-86
1614586029,-86
1614586030,-86
1614586031,-86
1614586032,-88
1614586034,-89
1614586035,-89
1614586036,-88
1614586037,-87
1614586039,-88
1614586040,-87
1614586041,-85
1614586042,-86
1614586044,-86
1614586045,-86
1614586046,-85
1614586047,-85
1614586048,-85
1614586050,-86
1614586051,-85
1614586052,-86
1614586053,-86
1614586055,-86
1614586056,-86
1614586057,-85
1614586058,-86
1614586059,-86
1614586061,-87
1614586062,-86
1614586063,-86
1614586064,-87
1614586066,-88
1614586067,-88
1614586068,-88
1614586069,-89
1614586070,-88
1614586072,-88
1614586073,-87
1614586074,-86
1614586075,-85
1614586077,-86
1614586078,-87
1614586079,-88
1614586080,-87
1614586082,-87
1614586083,-86
1614586084,-87
1614586085,-88
1614586086,-87
1614586088,-87
1614586089,-87
1614586090,-87
1614586091,-87
1614586093,-88
1614586094,-87
1614586095,-86
1614586096,-87
1614586097,-86
1614586099,-87
1614586100,-89
1614586101,-89
1614586102,-90
1614586104,-89
1614586105,-89
1614586106,-89
1614586107,-88
1614586109,-87
1614586110,-88
1614586111,-88
1614586112,-88
1614586113,-89
1614586115,-88
1614586116,-88
1614586117,-88
1614586118,-87
1614586120,-87
1614586121,-86
1614586122,-87
1614586123,-87
1614586124,-87
1614586126,-87
1614586127,-87
1614586128,-87
1614586129,-87
1614586131,-87
1614586132,-89
1614586133,-89
1614586134,-88
1614586135,-89
1614586137,-88
1614586138,-86
1614586139,-86
1614586140,-88
1614586142,-86
1614586143,-87
1614586144,-91
1614586145,-88
1614586147,-87
1614586148,-88
1614586149,-88
1614586150,-90
1614586151,-89
1614586153,-89
1614586154,-89
1614586155,-89
1614586156,-88
1614586158,-88
1614586159,-89
1614586160,-89
1614586161,-89
1614586162,-89
1614586164,-88
1614586165,-89
1614586166,-89
1614586167,-89
1614586169,-89
1614586170,-88
1614586171,-103
1614586172,-95
1614586174,-98
1614586175,-94
1614586176,-94
1614586177,-94
1614586178,-93
1614586180,-93
1614586181,-93
1614586182,-93
1614586183,-91
1614586185,-91
1614586186,-91
1614586187,-89
1614586188,-89
1614586189,-89
1614586191,-89
1614586192,-89
1614586193,-89
1614586194,-88
1614586196,-89
1614586197,-88
1614586198,-88
1614586199,-90
1614586200,-88
1614586202,-88
1614586203,-87
1614586204,-87
1614586205,-87
1614586207,-86
1614586208,-88
1614586209,-87
1614586210,-86
1614586212,-87
1614586213,-86
1614586214,-87
1614586215,-85
1614586216,-86
1614586218,-86
1614586219,-86
1614586220,-86
1614586221,-86
1614586223,-87
1614586224,-88
1614586225,-88
1614586226,-87
1614586227,-87
1614586229,-84
1614586230,-84
1614586231,-84
1614586232,-84
1614586234,-83
1614586235,-85
1614586236,-84
1614586237,-83
1614586239,-83
1614586240,-83
1614586241,-83
1614586242,-83
1614586243,-79
1614586245,-83
1614586246,-78
1614586247,-81
1614586248,-78
1614586250,-75
1614586251,-81
1614586252,-77
1614586253,-81
1614586254,-82
1614586256,-79
1614586257,-79
1614586258,-78
1614586260,-78
1614586261,-83
1614586262,-76
1614586263,-73
1614586265,-72
1614586266,-72
1614586267,-70
1614586268,-71
1614586269,-68
1614586271,-71
1614586272,-73
1614586273,-77
1614586274,-87
1614586276,-87
1614586277,-85
1614586278,-86
1614586279,-84
1614586281,-86
1614586282,-86
1614586283,-87
1614586284,-86
1614586285,-89
1614586287,-85
1614586288,-85
1614586289,-86
1614586290,-85
1614586292,-85
1614586293,-85
1614586294,-84
1614586295,-85
1614586296,-84
1614586298,-84
1614586299,-85
1614586300,-85
1614586301,-84
1614586303,-86
1614586304,-86
1614586305,-85
1614586306,-84
1614586308,-84
1614586309,-85
1614586310,-85
1614586311,-85
1614586312,-85
1614586314,-85
1614586315,-85
1614586316,-87
1614586317,-91
1614586319,-86
1614586320,-90
1614586321,-92
1614586322,-89
1614586323,-88
1614586325,-86
1614586326,-89
1614586327,-87
1614586328,-85
1614586330,-85
1614586331,-86
1614586332,-85
1614586333,-86
1614586334,-88
1614586336,-87
1614586337,-91
1614586338,-87
1614586339,-92
1614586341,-90
1614586342,-82
1614586343,-94
1614586344,-91
1614586346,-89
1614586347,-88
1614586348,-86
1614586349,-89
1614586350,-83
1614586352,-84
1614586353,-98
1614586354,-85
1614586355,-89
1614586357,-87
1614586358,-85
1614586359,-85
1614586360,-85
1614586361,-88
1614586363,-89
1614586364,-89
1614586365,-88
1614586366,-89
1614586368,-90
1614586369,-91
1614586370,-89
1614586371,-89
1614586373,-90
1614586374,-86
1614586375,-90
1614586376,-85
1614586377,-79
1614586379,-79
1614586380,-76
1614586381,-75
1614586382,-72
1614586384,-68
1614586385,-68
1614586386,-67
1614586387,-67
1614586388,-65
1614586390,-60
1614586391,-57
1614586392,-57
1614586393,-57
1614586395,-55
1614586396,-54
1614586397,-67
1614586398,-58
1614586399,-59
1614586401,-56
1614586402,-57
1614586403,-65
1614586404,-68
1614586406,-64
1614586407,-62
1614586408,-60
1614586409,-61
1614586411,-62
1614586412,-64
1614586413,-62
1614586414,-64
1614586415,-64
1614586417,-62
1614586418,-62
1614586419,-65
1614586420,-64
1614586422,-61
1614586423,-61
1614586424,-62
1614586425,-62
1614586426,-66
1614586428,-61
1614586429,-61
1614586430,-62
1614586431,-62
1614586433,-62
1614586434,-61
1614586435,-61
1614586436,-62
1614586437,-61
1614586439,-62
1614586440,-62
1614586441,-62
1614586442,-62
1614586444,-61
1614586445,-62
1614586446,-62
1614586447,-62
1614586449,-62
1614586450,-61
1614586451,-62
1614586452,-61
1614586453,-61
1614586455,-61
1614586456,-61
1614586457,-61
1614586458,-61
1614586460,-61
1614586461,-61
1614586462,-62
1614586463,-61
1614586464,-64
1614586466,-60
1614586467,-60
1614586468,-60
1614586469,-61
1614586471,-60
1614586472,-60
1614586473,-60
1614586474,-60
1614586476,-61
1614586477,-60
1614586478,-59
1614586479,-60
1614586480,-60
1614586482,-57
1614586483,-54
1614586484,-56
1614586485,-57
1614586487,-58
1614586488,-57
1614586489,-57
1614586490,-57
1614586491,-58
1614586493,-58
1614586494,-57
1614586495,-57
1614586496,-57
1614586498,-57
1614586499,-57
1614586500,-57
1614586501,-57
1614586502,-57
1614586504,-57
1614586505,-57
1614586506,-57
1614586507,-57
1614586509,-57
1614586510,-57
1614586511,-60
1614586512,-61
1614586514,-62
1614586515,-61
1614586516,-64
1614586517,-65
1614586518,-64
1614586520,-61
1614586521,-61
1614586522,-60
1614586523,-59
1614586525,-60
1614586526,-60
1614586527,-60
1614586528,-61
1614586529,-62
1614586531,-61
1614586532,-62
1614586533,-61
1614586534,-61
1614586536,-60
1614586537,-60
1614586538,-60
1614586539,-60
1614586541,-61
1614586542,-61
1614586543,-61
1614586544,-58
1614586545,-57
1614586547,-58
1614586548,-56
1614586549,-58
1614586550,-59
1614586552,-59
1614586553,-59
1614586554,-62
1614586555,-56
1614586556,-56
1614586558,-56
1614586559,-57
1614586560,-60
1614586561,-62
1614586563,-62
1614586564,-64
1614586565,-61
1614586566,-64
1614586567,-61
1614586569,-61
1614586570,-55
1614586571,-55
1614586572,-55
1614586574,-57
1614586575,-57
1614586576,-62
1614586577,-60
1614586579,-59
1614586580,-59
1614586581,-59
1614586582,-64
1614586583,-64
1614586585,-64
1614586586,-61
1614586587,-61
1614586588,-68
1614586590,-67
1614586591,-66
1614586592,-65
1614586593,-65
1614586594,-65
1614586596,-67
1614586597,-65
1614586598,-64
1614586599,-65
1614586601,-65
1614586602,-66
1614586603,-67
1614586604,-64
1614586605,-60
1614586607,-70
1614586608,-68
1614586609,-69
1614586610,-65
1614586612,-64
1614586613,-65
1614586614,-62
1614586615,-64
1614586617,-62
1614586618,-62
1614586619,-52
1614586620,-57
1614586621,-58
1614586623,-57
1614586624,-58
1614586625,-55
1614586626,-54
1614586628,-54
1614586629,-54
1614586630,-53
1614586631,-53
1614586632,-53
1614586634,-53
1614586635,-53
1614586636,-53
1614586637,-53
1614586639,-57
1614586640,-56
1614586641,-57
1614586642,-56
1614586644,-57
1614586645,-57
1614586646,-57
1614586647,-56
1614586648,-56
1614586650,-56
1614586651,-57
1614586652,-57
1614586653,-57
1614586655,-57
1614586656,-57
1614586657,-58
1614586658,-57
1614586659,-57
1614586661,-58
1614586662,-57
1614586663,-58
1614586664,-57
1614586666,-58
1614586667,-56
1614586668,-57
1614586669,-57
1614586670,-57
1614586672,-57
1614586673,-57
1614586674,-57
1614586675,-57
1614586677,-58
1614586678,-60
1614586679,-59
1614586680,-57
1614586682,-56
1614586683,-56
1614586684,-56
1614586685,-56
1614586686,-56
1614586688,-56
1614586689,-55
1614586690,-56
1614586691,-57
1614586693,-57
1614586694,-57
1614586695,-57
1614586696,-57
1614586697,-57
1614586699,-57
1614586700,-56
1614586701,-56
1614586702,-56
1614586704,-56
1614586705,-56
1614586706,-56
1614586707,-58
1614586708,-57
1614586710,-57
1614586711,-57
1614586712,-56
1614586713,-56
1614586715,-55
1614586716,-56
1614586717,-55
1614586718,-57
1614586720,-56
1614586721,-56
1614586722,-55
1614586723,-55
1614586724,-55
1614586726,-55
1614586727,-54
1614586728,-54
1614586729,-56
1614586731,-57
1614586732,-60
1614586733,-59
1614586734,-59
1614586735,-58
1614586737,-56
1614586738,-68
1614586739,-64
1614586740,-60
1614586742,-61
1614586743,-108
1614586744,-113
1614586745,-96
1614586747,-86
1614586748,-88
1614586749,-88
1614586750,-98
1614586751,-98
1614586753,-99
1614586754,-100
1614586755,-96
1614586756,-100
1614586758,-96
1614586759,-99
1614586760,-96
1614586761,-95
1614586762,-93
1614586764,-94
1614586765,-94
1614586766,-98
1614586767,-98
1614586769,-100
1614586770,-96
1614586771,-109
1614586772,-87
1614586774,-90
1614586775,-100
1614586776,-103
1614586777,-104
1614586778,-104
1614586780,-105
1614586781,-106
1614586782,-121
1614586783,-112
1614586785,-110
1614586786,-110
1614586787,-110
1614586788,-111
1614586789,-115
1614586791,-113
1614586792,-112
1614586793,-115
1614586794,-113
1614586796,-118
1614586797,-119
1614586798,-116
1614586799,-117
1614586800,-121
1614586802,-121
1614586803,-115
1614586804,-117
1614586805,-117
1614586807,-114
1614586808,-117
1614586809,-118
1614586810,-121
1614586812,-122
1614586813,-123
1614586814,-124
1614586815,-124
1614586817,-124
1614586818,-126
1614586819,-125
1614586821,-125
1614586822,-128
1614586823,-128
1614586824,-128
1614586826,-129
1614586827,-129
1614586829,-130
1614586830,-129
1614586831,-127
1614586832,-128
1614586834,-128
1614586835,-131
1614586836,-129
1614586837,-128
1614586839,-122
1614586840,-124
1614586841,-123
1614586842,-122
1614586843,-123
1614586845,-123
1614586846,-122
1614586847,-123
1614586848,-123
1614586850,-124
1614586851,-123
1614586852,-123
1614586853,-124
1614586855,-124
1614586856,-124
1614586857,-124
1614586858,-124
1614586859,-125
1614586861,-125
1614586862,-125
1614586863,-126
1614586864,-126
1614586866,-127
1614586867,-125
1614586868,-126
1614586869,-126
1614586870,-128
1614586872,-128
1614586873,-128
1614586874,-129
1614586875,-128
1614586877,-127
1614586878,-128
1614586879,-132
1614586880,-128
1614586881,-128
1614586883,-130
1614586884,-130
1614586885,-129
1614586886,-130
1614586888,-129
1614586889,-130
1614586890,-130
1614586892,-130
1614586893,-130
1614586895,-128
1614586897,-128
1614586898,-131
1614586899,-132
1614586900,-131
1614586901,-131
1614586903,-132
1614586904,-132
1614586906,-132
1614586907,-132
1614586909,-132
1614586910,-132
1614586912,-132
1614586914,-132
1614586915,-132
1614586917,-132
1614586918,-132
1614586920,-132
1614586921,-132
1614586923,-132
1614586924,-132
1614586926,-132
1614586927,-132
1614586929,-132
1614586931,-132
1614586932,-132
1614586934,-132
1614586935,-132
1614586937,-132
1614586938,-132
1614586940,-132
1614586941,-132
1614586943,-132
1614586944,-132
1614586946,-132
1614586948,-132
1614586949,-132
1614586951,-132
1614586952,-130
1614586953,-131
1614586955,-134
1614586956,-127
1614586957,-134
1614586959,-134
1614586960,-132
1614586962,-135
1614586963,-126
1614586964,-121
1614586965,-114
1614586967,-111
1614586968,-110
1614586969,-114
1614586970,-110
1614586972,-111
1614586973,-119
1614586974,-108
1614586975,-101
1614586976,-104
1614586978,-99
1614586979,-100
1614586980,-102
1614586981,-107
1614586983,-100
1614586984,-106
1614586985,-105
1614586986,-104
1614586988,-104
1614586989,-105
1614586990,-104
1614586991,-105
1614586992,-105
1614586994,-105
1614586995,-105
1614586996,-103
1614586997,-104
1614586999,-106
1614587000,-106
1614587001,-106
1614587002,-106
1614587003,-107
1614587005,-104
1614587006,-102
1614587007,-102
1614587008,-105
1614587010,-102
1614587011,-104
1614587012,-103
1614587013,-103
1614587014,-103
1614587016,-103
1614587017,-103
1614587018,-103
1614587019,-103
1614587021,-103
1614587022,-103
1614587023,-103
1614587024,-103
1614587026,-103
1614587027,-103
1614587028,-104
1614587029,-104
1614587030,-104
1614587032,-103
1614587033,-104
1614587034,-103
1614587035,-102
1614587037,-105
1614587038,-104
1614587039,-104
1614587040,-104
1614587041,-104
1614587043,-103
1614587044,-103
1614587045,-103
1614587046,-103
1614587048,-103
1614587049,-103
1614587050,-102
1614587051,-102
1614587053,-103
1614587054,-103
1614587055,-103
1614587056,-102
1614587057,-103
1614587059,-102
1614587060,-106
1614587061,-107
1614587062,-107
1614587064,-106
1614587065,-103
1614587066,-103
1614587067,-104
1614587068,-104
1614587070,-104
1614587071,-104
1614587072,-104
1614587073,-104
1614587075,-103
1614587076,-104
1614587077,-104
1614587078,-103
1614587079,-104
1614587081,-104
1614587082,-104
1614587083,-103
1614587084,-104
1614587086,-103
1614587087,-105
1614587088,-103
1614587089,-104
1614587091,-104
1614587092,-104
1614587093,-103
1614587094,-103
1614587095,-104
1614587097,-104
1614587098,-103
1614587099,-104
1614587100,-103
1614587102,-103
1614587103,-103
1614587104,-103
1614587105,-104
1614587106,-104
1614587108,-104
1614587109,-103
1614587110,-104
1614587111,-103
1614587113,-103
1614587114,-104
1614587115,-103
1614587116,-103
1614587118,-103
1614587119,-103
1614587120,-103
1614587121,-103
1614587122,-102
1614587124,-103
1614587125,-101
1614587126,-103
1614587127,-103
1614587129,-103
1614587130,-103
1614587131,-103
1614587132,-104
1614587133,-103
1614587135,-103
1614587136,-103
1614587137,-103
1614587138,-103
1614587140,-103
1614587141,-103
1614587142,-103
1614587143,-103
1614587144,-103
1614587146,-103
1614587147,-103
1614587148,-103
1614587149,-103
1614587151,-103
1614587152,-103
1614587153,-103
1614587154,-103
1614587156,-104
1614587157,-104
1614587158,-103
1614587159,-103
1614587160,-103
1614587162,-104
1614587163,-104
1614587164,-104
1614587165,-103
1614587167,-104
1614587168,-104
1614587169,-104
1614587170,-103
1614587171,-103
1614587173,-104
1614587174,-104
1614587175,-104
1614587176,-104
1614587178,-104
1614587179,-103
1614587180,-104
1614587181,-103
1614587182,-104
1614587184,-104
1614587185,-104
1614587186,-104
1614587187,-103
1614587189,-104
1614587190,-104
1614587191,-104
1614587192,-104
1614587194,-103
1614587195,-104
1614587196,-103
1614587197,-103
1614587198,-103
1614587200,-103
1614587201,-104
1614587202,-104
1614587203,-104
1614587205,-104
1614587206,-104
1614587207,-104
1614587208,-104
1614587209,-105
1614587211,-105
1614587212,-105
1614587213,-104
1614587214,-104
1614587216,-104
1614587217,-104
1614587218,-104
1614587219,-105
1614587221,-103
1614587222,-104
1614587223,-104
1614587224,-105
1614587225,-104
1614587227,-103
1614587228,-104
1614587229,-103
1614587230,-104
1614587232,-104
1614587233,-103
1614587234,-104
1614587235,-104
1614587236,-104
1614587238,-104
1614587239,-103
1614587240,-104
1614587241,-103
1614587243,-104
1614587244,-106
1614587245,-101
1614587246,-103
1614587247,-104
1614587249,-103
1614587250,-104
1614587251,-104
1614587252,-104
1614587254,-103
1614587255,-104
1614587256,-104
1614587257,-104
1614587259,-104
1614587260,-104
1614587261,-104
1614587262,-104
1614587263,-104
1614587265,-104
1614587266,-104
1614587267,-104
1614587268,-103
1614587270,-103
1614587271,-104
1614587272,-104
1614587273,-103
1614587274,-104
1614587276,-103
1614587277,-103
1614587278,-103
1614587279,-104
1614587281,-104
1614587282,-104
1614587283,-104
1614587284,-104
1614587285,-103
1614587287,-103
1614587288,-109
1614587289,-103
1614587290,-104
1614587292,-103
1614587293,-103
1614587294,-104
1614587295,-103
1614587297,-103
1614587298,-104
1614587299,-103
1614587300,-103
1614587301,-104
1614587303,-103
1614587304,-104
1614587305,-103
1614587306,-104
1614587308,-103
1614587309,-109
1614587310,-103
1614587311,-102
1614587312,-104
1614587314,-104
1614587315,-104
1614587316,-103
1614587317,-104
1614587319,-103
1614587320,-104
1614587321,-104
1614587322,-103
1614587324,-103
1614587325,-103
1614587326,-103
1614587327,-102
1614587328,-104
1614587330,-103
1614587331,-103
1614587332,-103
1614587333,-103
1614587335,-103
1614587336,-105
1614587337,-103
1614587338,-112
1614587339,-103
1614587341,-103
1614587342,-103
1614587343,-103
1614587344,-104
1614587346,-104
1614587347,-103
1614587348,-104
1614587349,-103
1614587350,-104
1614587352,-103
1614587353,-103
1614587354,-104
1614587355,-103
1614587357,-104
1614587358,-103
1614587359,-104
1614587360,-103
1614587362,-103
1614587363,-103
1614587364,-103
1614587365,-104
1614587366,-104
1614587368,-103
1614587369,-104
1614587370,-104
1614587371,-103
1614587373,-103
1614587374,-103
1614587375,-104
1614587376,-104
1614587377,-103
1614587379,-103
1614587380,-103
1614587381,-103
1614587382,-103
1614587384,-104
1614587385,-104
1614587386,-104
1614587387,-104
1614587389,-104
1614587390,-103
1614587391,-103
1614587392,-104
1614587393,-104
1614587395,-104
1614587396,-103
1614587397,-103
1614587398,-104
1614587400,-103
1614587401,-104
1614587402,-104
1614587403,-103
1614587404,-104
1614587406,-103
1614587407,-104
1614587408,-103
1614587409,-103
1614587411,-103
1614587412,-104
1614587413,-104
1614587414,-104
1614587415,-104
1614587417,-104
1614587418,-103
1614587419,-103
1614587420,-103
1614587422,-103
1614587423,-104
1614587424,-103
1614587425,-103
1614587427,-104
1614587428,-103
1614587429,-104
1614587430,-103
1614587431,-103
1614587433,-104
1614587434,-103
1614587435,-103
1614587436,-104
1614587438,-103
1614587439,-103
1614587440,-103
1614587441,-104
1614587442,-103
1614587444,-103
1614587445,-103
1614587446,-104
1614587447,-103
1614587449,-103
1614587450,-109
1614587451,-110
1614587452,-103
1614587453,-102
1614587455,-103
1614587456,-102
1614587457,-102
1614587458,-102
1614587460,-102
1614587461,-102
1614587462,-108
1614587463,-101
1614587465,-103
1614587466,-103
1614587467,-103
1614587468,-103
1614587469,-102
1614587471,-101
1614587472,-104
1614587473,-106
1614587474,-104
1614587476,-104
1614587477,-104
1614587478,-104
1614587479,-107
1614587480,-110
1614587482,-112
1614587483,-113
1614587484,-112
1614587485,-110
1614587487,-112
1614587488,-111
1614587489,-110
1614587490,-109
1614587492,-111
1614587493,-110
1614587494,-103
1614587495,-105
1614587496,-104
1614587498,-104
1614587499,-104
1614587500,-103
1614587501,-102
1614587503,-104
1614587504,-103
1614587505,-103
1614587506,-102
1614587507,-102
1614587509,-106
1614587510,-102
1614587511,-104
1614587512,-106
1614587514,-108
1614587515,-118
1614587516,-113
1614587517,-112
1614587518,-116
1614587520,-113
1614587521,-110
1614587522,-109
1614587523,-106
1614587525,-106
1614587526,-105
1614587527,-105
1614587528,-109
1614587530,-103
1614587531,-104
1614587532,-104
1614587533,-104
1614587534,-104
1614587536,-103
1614587537,-103
1614587538,-104
1614587539,-101
1614587541,-108
1614587542,-107
1614587543,-104
1614587544,-103
1614587545,-104
1614587547,-100
1614587548,-106
1614587549,-107
1614587550,-106
1614587552,-117
1614587553,-103
1614587554,-106
1614587555,-108
1614587556,-109
1614587558,-121
1614587559,-125
1614587560,-117
1614587561,-127
1614587563,-128
1614587564,-125
1614587565,-125
1614587566,-125
1614587568,-125
1614587569,-128
1614587570,-128
1614587571,-124
1614587572,-129
1614587574,-126
1614587575,-126
1614587576,-125
1614587577,-124
1614587579,-126
1614587580,-124
1614587581,-129
1614587583,-129
1614587584,-125
1614587585,-124
1614587586,-125
1614587587,-126
1614587589,-132
1614587590,-124
1614587591,-125
1614587593,-128
1614587594,-121
1614587595,-120
1614587596,-122
1614587598,-114
1614587599,-115
1614587600,-118
1614587601,-117
1614587603,-116
1614587604,-117
1614587605,-120
1614587606,-119
1614587607,-122
1614587609,-121
1614587610,-117
1614587611,-116
1614587612,-115
1614587614,-112
1614587615,-121
1614587616,-130
1614587617,-130
1614587618,-128
1614587620,-126
1614587621,-127
1614587622,-121
1614587623,-120
1614587625,-120
1614587626,-120
1614587627,-115
1614587628,-127
1614587629,-121
1614587631,-130
1614587632,-124
1614587633,-124
1614587635,-122
1614587636,-122
1614587637,-125
1614587638,-113
1614587640,-110
1614587641,-110
1614587642,-110
1614587643,-110
1614587645,-110
1614587646,-111
1614587647,-112
1614587648,-111
1614587649,-110
1614587651,-120
1614587652,-110
1614587653,-110
1614587654,-124
1614587656,-110
1614587657,-111
1614587658,-111
1614587659,-110
1614587660,-111
1614587662,-111
1614587663,-111
1614587664,-111
1614587665,-111
1614587667,-111
1614587668,-111
1614587669,-110
1614587670,-111
1614587671,-111
1614587673,-111
1614587674,-111
1614587675,-111
1614587676,-112
1614587678,-111
1614587679,-110
1614587680,-110
1614587681,-110
1614587683,-110
1614587684,-110
1614587685,-110
1614587686,-110
1614587687,-110
1614587689,-110
1614587690,-111
1614587691,-111
1614587692,-110
1614587694,-110
1614587695,-111
1614587696,-111
1614587697,-110
1614587698,-110
1614587700,-110
1614587701,-110
1614587702,-110
1614587703,-110
1614587705,-110
1614587706,-111
1614587707,-112
1614587708,-117
1614587710,-122
1614587711,-121
1614587712,-125
1614587713,-118
1614587714,-115
1614587716,-115
1614587717,-116
1614587718,-117
1614587719,-121
1614587721,-125
1614587722,-132
1614587723,-122
1614587724,-118
1614587725,-124
1614587727,-125
1614587728,-115
1614587729,-117
1614587730,-120
1614587732,-120
1614587733,-117
1614587734,-124
1614587735,-122
1614587736,-122
1614587738,-125
1614587739,-124
1614587740,-124
1614587741,-124
1614587743,-119
1614587744,-113
1614587745,-117
1614587746,-115
1614587748,-118
1614587749,-121
1614587750,-116
1614587751,-110
1614587752,-110
1614587754,-110
1614587755,-110
1614587756,-110
1614587757,-110
1614587759,-111
1614587760,-112
1614587761,-109
1614587762,-110
1614587763,-109
1614587765,-109
1614587766,-109
1614587767,-109
1614587768,-109
1614587770,-109
1614587771,-109
1614587772,-109
1614587773,-109
1614587774,-109
1614587776,-109
1614587777,-110
1614587778,-110
1614587779,-110
1614587781,-109
1614587782,-109
1614587783,-109
1614587784,-110
1614587786,-109
1614587787,-109
1614587788,-110
1614587789,-109
1614587790,-110
1614587792,-110
1614587793,-109
1614587794,-109
1614587795,-108
1614587797,-109
1614587798,-108
1614587799,-109
1614587800,-109
1614587801,-109
1614587803,-110
1614587804,-109
1614587805,-110
1614587806,-110
1614587808,-110
1614587809,-110
1614587810,-109
1614587811,-109
1614587812,-109
1614587814,-110
1614587815,-109
1614587816,-110
1614587817,-109
1614587819,-110
1614587820,-110
1614587821,-110
1614587822,-110
1614587824,-110
1614587825,-109
1614587826,-110
1614587827,-110
1614587828,-109
1614587830,-109
1614587831,-110
1614587832,-110
1614587833,-110
1614587835,-110
1614587836,-109
1614587837,-109
1614587838,-109
1614587839,-110
1614587841,-110
1614587842,-110
1614587843,-110
1614587844,-110
1614587846,-110
1614587847,-110
1614587848,-110
1614587849,-109
1614587851,-110
1614587852,-109
1614587853,-110
1614587854,-110
1614587855,-110
1614587857,-110
1614587858,-109
1614587859,-109
1614587860,-109
1614587862,-109
1614587863,-110
1614587864,-109
1614587865,-109
1614587866,-109
1614587868,-110
1614587869,-109
1614587870,-109
1614587871,-109
1614587873,-109
1614587874,-109
1614587875,-110
1614587876,-109
1614587878,-109
1614587879,-110
1614587880,-109
1614587881,-110
1614587882,-111
1614587884,-110
1614587885,-110
1614587886,-110
1614587887,-110
1614587889,-109
1614587890,-110
1614587891,-109
1614587892,-110
1614587893,-109
1614587895,-109
1614587896,-109
1614587897,-109
1614587898,-110
1614587900,-109
1614587901,-109
1614587902,-109
1614587903,-109
1614587905,-110
1614587906,-110
1614587907,-109
1614587908,-110
1614587909,-109
1614587911,-109
1614587912,-110
1614587913,-110
1614587914,-110
1614587916,-110
1614587917,-109
1614587918,-110
1614587919,-110
1614587920,-110
1614587922,-110
1614587923,-109
1614587924,-109
1614587925,-109
1614587927,-110
1614587928,-110
1614587929,-110
1614587930,-110
1614587931,-110
1614587933,-110
1614587934,-111
1614587935,-107
1614587936,-110
1614587938,-110
1614587939,-110
1614587940,-110
1614587941,-109
1614587943,-109
1614587944,-110
1614587945,-109
1614587946,-109
1614587947,-109
1614587949,-110
1614587950,-110
1614587951,-109
1614587952,-109
1614587954,-109
1614587955,-109
1614587956,-109
1614587957,-109
1614587958,-109
1614587960,-110
1614587961,-109
1614587962,-109
1614587963,-109
1614587965,-110
1614587966,-110
1614587967,-110
1614587968,-110
1614587970,-110
1614587971,-109
1614587972,-110
1614587973,-109
1614587974,-110
1614587976,-110
1614587977,-110
1614587978,-110
1614587979,-110
1614587981,-110
1614587982,-109
1614587983,-110
1614587984,-109
1614587985,-110
1614587987,-110
1614587988,-110
1614587989,-110
1614587990,-109
1614587992,-110
1614587993,-110
1614587994,-110
1614587995,-110
1614587996,-109
1614587998,-110
1614587999,-109
1614588000,-109
1614588001,-110
1614588003,-110
1614588004,-110
1614588005,-109
1614588006,-109
1614588008,-110
1614588009,-110
1614588010,-110
1614588011,-110
1614588012,-110
1614588014,-109
1614588015,-109
1614588016,-110
1614588017,-110
1614588019,-109
1614588020,-109
1614588021,-109
1614588022,-109
1614588023,-109
1614588025,-109
1614588026,-109
1614588027,-110
1614588028,-110
1614588030,-110
1614588031,-110
1614588032,-110
1614588033,-110
1614588035,-110
1614588036,-109
1614588037,-110
1614588038,-109
1614588039,-109
1614588041,-109
1614588042,-110
1614588043,-110
1614588044,-109
1614588046,-110
1614588047,-110
1614588048,-109
1614588049,-109
1614588050,-109
1614588052,-109
1614588053,-110
1614588054,-109
1614588055,-109
1614588057,-109
1614588058,-110
1614588059,-110
1614588060,-109
1614588061,-110
1614588063,-110
1614588064,-110
1614588065,-110
1614588066,-110
1614588068,-109
1614588069,-110
1614588070,-110
1614588071,-110
1614588073,-110
1614588074,-110
1614588075,-110
1614588076,-110
1614588077,-109
1614588079,-110
1614588080,-110
1614588081,-110
1614588082,-109
1614588084,-109
1614588085,-110
1614588086,-109
1614588087,-109
1614588088,-110
1614588090,-109
1614588091,-109
1614588092,-109
1614588093,-110
1614588095,-110
1614588096,-110
1614588097,-109
1614588098,-109
1614588100,-109
1614588101,-109
1614588102,-109
1614588103,-110
1614588104,-109
1614588106,-110
1614588107,-109
1614588108,-110
1614588109,-110
1614588111,-110
1614588112,-109
1614588113,-110
1614588114,-110
1614588115,-110
1614588117,-110
1614588118,-110
1614588119,-110
1614588120,-110
1614588122,-110
1614588123,-110
1614588124,-110
1614588125,-110
1614588126,-111
1614588128,-110
1614588129,-110
1614588130,-110
1614588131,-110
1614588133,-110
1614588134,-109
1614588135,-109
1614588136,-110
1614588138,-110
1614588139,-109
1614588140,-109
1614588141,-109
1614588142,-110
1614588144,-110
1614588145,-110
1614588146,-110
1614588147,-109
1614588149,-110
1614588150,-110
1614588151,-109
1614588152,-109
1614588153,-110
1614588155,-110
1614588156,-110
1614588157,-110
1614588158,-110
1614588160,-110
1614588161,-110
1614588162,-110
1614588163,-110
1614588165,-109
1614588166,-110
1614588167,-109
1614588168,-110
1614588169,-110
1614588171,-109
1614588172,-110
1614588173,-109
1614588174,-110
1614588176,-110
1614588177,-109
1614588178,-110
1614588179,-109
1614588180,-110
1614588182,-109
1614588183,-110
1614588184,-109
1614588185,-110
1614588187,-109
1614588188,-110
1614588189,-110
1614588190,-110
1614588191,-110
1614588193,-110
1614588194,-110
1614588195,-110
1614588196,-109
1614588198,-110
1614588199,-110
1614588200,-110
1614588201,-110
1614588203,-109
1614588204,-110
1614588205,-110
1614588206,-109
1614588207,-110
1614588209,-110
1614588210,-110
1614588211,-110
1614588212,-110
1614588214,-109
1614588215,-110
1614588216,-109
1614588217,-111
1614588218,-115
1614588220,-115
1614588221,-112
1614588222,-112
1614588223,-110
1614588225,-111
1614588226,-111
1614588227,-115
1614588228,-113
1614588230,-113
1614588231,-112
1614588232,-112
1614588233,-110
1614588234,-109
1614588236,-109
1614588237,-110
1614588238,-110
1614588239,-110
1614588241,-110
1614588242,-110
1614588243,-110
1614588244,-109
1614588245,-109
1614588247,-110
1614588248,-109
1614588249,-110
1614588250,-110
1614588252,-110
1614588253,-110
1614588254,-110
1614588255,-109
1614588256,-110
1614588258,-110
1614588259,-109
1614588260,-110
1614588261,-110
1614588263,-110
1614588264,-109
1614588265,-110
1614588266,-109
1614588268,-110
1614588269,-110
1614588270,-110
1614588271,-110
1614588272,-109
1614588274,-109
1614588275,-109
1614588276,-109
1614588277,-110
1614588279,-109
1614588280,-110
1614588281,-110
1614588282,-110
1614588283,-110
1614588285,-110
1614588286,-110
1614588287,-110
1614588288,-110
1614588290,-109
1614588291,-109
1614588292,-110
1614588293,-110
1614588295,-110
1614588296,-110
1614588297,-110
1614588298,-109
1614588299,-110
1614588301,-110
1614588302,-109
1614588303,-109
1614588304,-110
1614588306,-109
1614588307,-109
1614588308,-110
1614588309,-109
1614588310,-109
1614588312,-109
1614588313,-110
1614588314,-109
1614588315,-109
1614588317,-110
1614588318,-109
1614588319,-109
1614588320,-109
1614588321,-109
1614588323,-110
1614588324,-109
1614588325,-110
1614588326,-110
1614588328,-109
1614588329,-110
1614588330,-109
1614588331,-109
1614588333,-109
1614588334,-109
1614588335,-110
1614588336,-110
1614588337,-109
1614588339,-109
1614588340,-110
1614588341,-110
1614588342,-109
1614588344,-109
1614588345,-109
1614588346,-109
1614588347,-109
1614588348,-109
1614588350,-109
1614588351,-109
1614588352,-109
1614588353,-109
1614588355,-110
1614588356,-111
1614588357,-111
1614588358,-115
1614588360,-118
1614588361,-116
1614588362,-118
1614588363,-117
1614588364,-116
1614588366,-109
1614588367,-109
1614588368,-119
1614588369,-114
1614588371,-118
1614588372,-117
1614588373,-118
1614588374,-121
1614588375,-124
1614588377,-119
1614588378,-120
1614588379,-120
1614588380,-114
1614588382,-113
1614588383,-109
1614588384,-112
1614588385,-109
1614588386,-116
1614588388,-116
1614588389,-123
1614588390,-118
1614588391,-120
1614588393,-120
1614588394,-120
1614588395,-119
1614588396,-125
1614588398,-125
1614588399,-118
1614588400,-118
1614588401,-110
1614588402,-111
1614588404,-119
1614588405,-118
1614588406,-118
1614588407,-117
1614588409,-123
1614588410,-115
1614588411,-116
1614588412,-117
1614588413,-117
1614588415,-117
1614588416,-116
1614588417,-116
1614588418,-116
1614588420,-113
1614588421,-118
1614588422,-122
1614588423,-126
1614588425,-126
1614588426,-126
1614588428,-125
1614588429,-126
1614588430,-125
1614588432,-125
1614588433,-125
1614588434,-118
1614588436,-118
1614588437,-119
1614588438,-119
1614588439,-120
1614588441,-114
1614588442,-113
1614588443,-113
1614588444,-115
1614588445,-110
1614588447,-112
1614588448,-120
1614588449,-116
1614588450,-112
1614588452,-113
1614588453,-118
1614588454,-122
1614588455,-126
1614588456,-114
1614588458,-112
1614588459,-115
1614588460,-112
1614588461,-110
1614588463,-110
1614588464,-110
1614588465,-111
1614588466,-111
1614588467,-112
1614588469,-111
1614588470,-117
1614588471,-115
1614588472,-112
1614588474,-110
1614588475,-111
1614588476,-110
1614588477,-111
1614588479,-111
1614588480,-111
1614588481,-111
1614588482,-111
1614588483,-121
1614588485,-121
1614588486,-118
1614588487,-131
1614588488,-118
1614588490,-117
1614588491,-113
1614588492,-116
1614588493,-114
1614588494,-120
1614588496,-121
1614588497,-109
1614588498,-111
1614588499,-110
1614588501,-110
1614588502,-112
1614588503,-108
1614588504,-108
1614588505,-109
1614588507,-108
1614588508,-107
1614588509,-109
1614588510,-109
1614588512,-108
1614588513,-109
1614588514,-109
1614588515,-110
1614588517,-111
1614588518,-109
1614588519,-109
1614588520,-109
1614588521,-110
1614588523,-115
1614588524,-111
1614588525,-110
1614588526,-113
1614588528,-112
1614588529,-120
1614588530,-112
1614588531,-111
1614588532,-110
1614588534,-109
1614588535,-111
1614588536,-111
1614588537,-110
1614588539,-110
1614588540,-110
1614588541,-110
1614588542,-109
1614588544,-109
1614588545,-109
1614588546,-110
1614588547,-110
1614588548,-110
1614588550,-111
1614588551,-109
1614588552,-111
1614588553,-113
1614588555,-110
1614588556,-111
1614588557,-109
1614588558,-109
1614588559,-108
1614588561,-108
1614588562,-108
1614588563,-108
1614588564,-109
1614588566,-108
1614588567,-108
1614588568,-109
1614588569,-113
1614588570,-113
1614588572,-112
1614588573,-111
1614588574,-115
1614588575,-119
1614588577,-118
1614588578,-117
1614588579,-115
1614588580,-119
1614588582,-111
1614588583,-110
1614588584,-113
1614588586,-116
1614588587,-126
1614588588,-126
1614588590,-126
1614588591,-126
1614588592,-121
1614588594,-125
1614588595,-124
1614588596,-124
1614588598,-126
1614588599,-127
1614588601,-127
1614588602,-121
1614588603,-124
1614588605,-129
1614588606,-129
1614588608,-129
1614588609,-129
1614588611,-129
1614588612,-124
1614588614,-124
1614588615,-124
1614588617,-124
1614588619,-124
1614588620,-124
1614588621,-122
1614588623,-125
1614588624,-125
1614588626,-127
1614588627,-128
1614588629,-128
1614588630,-128
1614588631,-127
1614588633,-127
1614588635,-127
1614588636,-126
1614588637,-127
1614588639,-127
1614588640,-127
1614588641,-122
1614588643,-122
1614588644,-125
1614588645,-126
1614588647,-127
1614588648,-127
1614588650,-127
1614588651,-127
1614588653,-127
1614588654,-127
1614588656,-127
1614588657,-127
1614588659,-127
1614588661,-127
1614588662,-127
1614588664,-126
1614588665,-126
1614588667,-126
1614588668,-126
1614588669,-126
1614588671,-127
1614588672,-126
1614588673,-127
1614588675,-127
1614588676,-127
1614588678,-127
1614588679,-125
1614588681,-125
1614588682,-125
1614588684,-125
1614588685,-125
1614588687,-125
1614588688,-125
1614588690,-125
1614588691,-125
1614588693,-125
1614588694,-124
1614588695,-125
1614588697,-126
1614588698,-126
1614588700,-126
1614588701,-126
1614588703,-126
1614588704,-126
1614588706,-125
1614588707,-125
1614588708,-127
1614588709,-124
1614588710,-122
1614588712,-120
1614588713,-118
1614588714,-117
1614588715,-119
1614588717,-118
1614588718,-125
1614588719,-118
1614588720,-115
1614588722,-114
1614588723,-115
1614588724,-115
1614588725,-121
1614588726,-117
1614588728,-117
1614588729,-115
1614588730,-121
1614588731,-119
1614588733,-118
1614588734,-122
1614588735,-123
1614588736,-123
1614588737,-122
1614588739,-126
1614588740,-126
1614588742,-126
1614588743,-126
1614588745,-126
1614588746,-126
1614588748,-126
1614588750,-126
1614588751,-126
1614588753,-126
1614588754,-126
1614588756,-126
1614588757,-126
1614588759,-126
1614588760,-126
1614588762,-126
1614588763,-126
1614588765,-126
1614588767,-126
1614588768,-126
1614588770,-126
1614588771,-126
1614588773,-126
1614588774,-126
1614588776,-126
1614588777,-126
1614588779,-126
1614588780,-126
1614588782,-126
1614588784,-126
1614588785,-126
1614588787,-126
1614588788,-126
1614588790,-126
1614588791,-126
1614588793,-126
1614588794,-126
1614588796,-126
1614588798,-126
1614588799,-126
1614588801,-126
1614588802,-126
1614588804,-126
1614588805,-126
1614588807,-126
1614588808,-126
1614588810,-126
1614588811,-126
1614588813,-126
1614588815,-126
1614588816,-126
1614588818,-126
1614588819,-126
1614588821,-126
1614588822,-126
1614588824,-126
1614588825,-126
1614588827,-126
1614588828,-126
1614588830,-126
1614588832,-126
1614588833,-126
1614588835,-126
1614588836,-126
1614588838,-126
1614588839,-126
1614588841,-126
1614588842,-126
1614588844,-126
1614588845,-126
1614588847,-126
1614588849,-126
1614588850,-126
1614588852,-126
1614588853,-126
1614588855,-126
1614588856,-126
1614588858,-126
1614588859,-126
1614588861,-126
1614588863,-126
1614588864,-126
1614588866,-126
1614588867,-126
1614588869,-126
1614588870,-126
1614588872,-126
1614588873,-126
1614588875,-126
1614588876,-126
1614588878,-126
1614588880,-126
1614588881,-126
1614588883,-126
1614588884,-126
1614588886,-126
1614588887,-126
1614588889,-126
1614588890,-126
1614588892,-126
1614588893,-126
1614588895,-126
1614588897,-126
1614588898,-126
1614588900,-126
1614588901,-126
1614588903,-126
1614588904,-126
1614588906,-126
1614588907,-126
1614588909,-126
1614588910,-126
1614588912,-126
1614588914,-126
1614588915,-126
1614588917,-126
1614588918,-126
1614588920,-126
1614588921,-126
1614588923,-126
1614588924,-126
1614588926,-126
1614588927,-126
1614588929,-126
1614588931,-126
1614588932,-126
1614588934,-126
1614588935,-126
1614588937,-126
1614588938,-126
1614588940,-126
1614588941,-126
1614588943,-126
1614588945,-126
1614588946,-126
1614588948,-126
1614588949,-126
1614588951,-126
1614588952,-126
1614588954,-126
1614588955,-126
1614588957,-126
1614588958,-126
1614588960,-126
1614588962,-126
1614588963,-126
1614588965,-126
1614588966,-126
1614588968,-126
1614588969,-126
1614588971,-126
1614588972,-126
1614588974,-126
1614588975,-126
1614588977,-126
1614588979,-126
1614588980,-126
1614588982,-126
1614588983,-126
1614588985,-126
1614588986,-126
1614588988,-126
1614588989,-126
1614588991,-126
1614588992,-126
1614588994,-126
1614588996,-126
1614588997,-126
1614588999,-126
1614589000,-126
1614589002,-126
1614589003,-126
1614589005,-126
1614589006,-126
1614589008,-126
1614589010,-126
1614589011,-126
1614589013,-126
1614589014,-126
1614589016,-126
1614589017,-126
1614589019,-126
1614589020,-126
1614589022,-126
1614589023,-126
1614589025,-126
1614589027,-126
1614589028,-126
1614589030,-126
1614589031,-126
1614589033,-126
1614589034,-126
1614589036,-126
1614589037,-126
1614589039,-126
1614589040,-126
1614589042,-126
1614589044,-126
1614589045,-126
1614589047,-126
1614589048,-126
1614589050,-126
1614589051,-126
1614589053,-126
1614589054,-126
1614589056,-126
1614589057,-126
1614589059,-126
1614589061,-126
1614589062,-126
1614589064,-126
1614589065,-126
1614589067,-126
1614589068,-126
1614589070,-126
1614589071,-126
1614589073,-126
1614589074,-126
1614589076,-126
1614589078,-126
1614589079,-126
1614589081,-126
1614589082,-126
1614589084,-126
1614589085,-126
1614589087,-126
1614589088,-126
1614589090,-126
1614589092,-126
1614589093,-126
1614589095,-126
1614589096,-126
1614589098,-126
1614589099,-126
1614589101,-126
1614589102,-126
1614589104,-126
1614589105,-126
1614589107,-126
1614589109,-126
1614589110,-126
1614589112,-126
1614589113,-126
1614589115,-126
1614589116,-126
1614589118,-126
1614589119,-126
1614589121,-126
1614589122,-126
1614589124,-126
1614589126,-126
1614589127,-126
1614589129,-126
1614589130,-126
1614589132,-126
1614589133,-126
1614589135,-126
1614589136,-126
1614589138,-126
1614589139,-126
1614589141,-126
1614589143,-126
1614589144,-126
1614589146,-126
1614589147,-126
1614589149,-126
1614589150,-126
1614589152,-126
1614589153,-126
1614589155,-126
1614589157,-126
1614589158,-126
1614589160,-126
1614589161,-126
1614589163,-126
1614589164,-126
1614589166,-126
1614589167,-126
1614589169,-126
1614589170,-126
1614589172,-126
1614589174,-126
1614589175,-126
1614589177,-126
1614589178,-126
1614589180,-126
1614589181,-126
1614589183,-126
1614589184,-126
1614589186,-126
1614589187,-126
1614589189,-126
1614589191,-126
1614589192,-126
1614589194,-126
1614589195,-126
1614589197,-126
1614589198,-126
1614589200,-126
1614589201,-126
1614589203,-126
1614589204,-126
1614589206,-126
1614589208,-126
1614589209,-126
1614589211,-126
1614589212,-126
1614589214,-126
1614589215,-126
1614589217,-126
1614589218,-126
1614589220,-126
1614589222,-126
1614589223,-126
1614589225,-126
1614589226,-126
1614589228,-126
1614589229,-126
1614589231,-126
1614589232,-126
1614589234,-126
1614589235,-126
1614589237,-126
1614589239,-126
1614589240,-126
1614589242,-126
1614589243,-126
1614589245,-126
1614589246,-126
1614589248,-126
1614589249,-126
1614589251,-126
1614589252,-126
1614589254,-126
1614589256,-126
1614589257,-126
1614589259,-126
1614589260,-126
1614589262,-126
1614589263,-126
1614589265,-126
1614589266,-126
1614589268,-126
1614589269,-126
1614589271,-126
1614589273,-126
1614589274,-126
1614589276,-126
1614589277,-126
1614589279,-126
1614589280,-126
1614589282,-126
1614589283,-126
1614589285,-126
1614589286,-126
1614589288,-126
1614589290,-126
1614589291,-126
1614589293,-126
                                                                                                                