px1, py1, px2, py2, px3, py3, px4, py4, lx2, ly2, lx3, ly3, lx4, ly4, iteration, execution time, epoch, gps1lat, gps1lon, gps2lat, gps2lon, gps3lat, gps3lon, gps4lat, gps4lon 
-21746.0241947,-15743.6722037,-21732.6326128,-15537.6839124,195799.933688,-179852.581764,182389.302579,-158426.08696,-21727.5144152,-15764.4898634,-21732.8776842,-15537.9204805,195792.933688,-179851.581764,182396.302579,-158420.08696,11,17.30012059211731,1616657960.8383012,-37.819184,144.9485985,-37.819087333333336,144.9509195,-35.84156328,143.1362385,-35.96631476,143.3707744
-21759.1928494,-15708.3317125,-21730.146747,-15530.1872296,195799.933688,-179852.581764,182389.302579,-158426.08696,-21756.4906805,-15735.5379234,-21729.2818558,-15538.3661619,195801.933688,-179847.581764,182394.302579,-158435.08696,11,16.758387327194214,1616657998.1505303,-37.81930216666667,144.9490005,-37.81906583333333,144.951004,-35.84156328,143.1362385,-35.96631476,143.3707744
-21762.5960035,-15672.7960298,-21736.3438835,-15519.443037,195799.933688,-179852.581764,182389.302579,-158426.08696,-21757.2967782,-15676.4235371,-21740.9892349,-15519.8710432,195792.933688,-179860.581764,182384.302579,-158418.08696,11,16.93391704559326,1616658034.924504,-37.819332833333334,144.9494045,-37.81912283333333,144.951125,-35.84156328,143.1362385,-35.96631476,143.3707744
-21765.7127857,-15664.9574244,-21746.7728757,-15521.9070264,195799.933688,-179852.581764,182389.302579,-158426.08696,-21764.4246273,-15667.9388914,-21741.8363685,-15509.3356198,195805.933688,-179856.581764,182392.302579,-158425.08696,11,17.144766330718994,1616658071.8777945,-37.81936116666667,144.94949333333332,-37.81921633333333,144.95109716666667,-35.84156328,143.1362385,-35.96631476,143.3707744
-21769.8930395,-15658.7075048,-21742.7801821,-15517.3266868,195799.933688,-179852.581764,182389.302579,-158426.08696,-21769.3144134,-15663.317812,-21744.7415531,-15527.7903159,195799.933688,-179861.581764,182395.302579,-158422.08696,11,17.040152311325073,1616658109.0258281,-37.81939916666666,144.949564,-37.81918,144.95114966666668,-35.84156328,143.1362385,-35.96631476,143.3707744
-21779.3591419,-15646.2010205,-21750.1019851,-15510.6769195,195799.933688,-179852.581764,182389.302579,-158426.08696,-21775.956032,-15651.2182799,-21739.8502045,-15509.5292376,195799.933688,-179853.581764,182395.302579,-158422.08696,11,17.355857610702515,1616658146.0847528,-37.819485,144.9497055,-37.819246666666665,144.9512245,-35.84156328,143.1362385,-35.96631476,143.3707744
-21775.6317335,-15647.4212572,-21756.9461692,-15502.2820263,195799.933688,-179852.581764,182389.302579,-158426.08696,-21780.3581512,-15646.6973989,-21748.2350559,-15508.7825869,195796.933688,-179855.581764,182382.302579,-158436.08696,11,17.002957820892334,1616658183.4618008,-37.81945183333333,144.94969133333333,-37.8193085,144.95131966666668,-35.84156328,143.1362385,-35.96631476,143.3707744
-21773.8290874,-15645.6922027,-21754.2857849,-15505.033151,195799.933688,-179852.581764,182389.302579,-158426.08696,-21776.0019354,-15646.0443052,-21751.5964419,-15499.5906021,195797.933688,-179846.581764,182395.302579,-158430.08696,11,17.015660047531128,1616658220.4857862,-37.819436,144.94971066666668,-37.819284833333334,144.95128816666667,-35.84156328,143.1362385,-35.96631476,143.3707744
-21769.8894988,-15655.7272942,-21754.1272709,-15495.1525711,195799.933688,-179852.581764,182389.302579,-158426.08696,-49503.7409135,-31585.3330716,-21756.6811253,-15493.6165772,195789.933688,-179857.581764,182393.302579,-158435.08696,11,17.119778871536255,1616658257.5218697,-37.81940066666667,144.9495965,-37.819284,144.9514,-35.84156328,143.1362385,-35.96631476,143.3707744
-21768.1756125,-15662.5229072,-21756.4525087,-15498.5092604,195799.933688,-179852.581764,182389.302579,-158426.08696,-21765.8738566,-15666.3166158,-21751.6853357,-15502.6627341,195798.933688,-179849.581764,182385.302579,-158422.08696,11,16.974562406539917,1616658294.6617718,-37.81938533333334,144.94951916666668,-37.819306,144.95136083333333,-35.84156328,143.1362385,-35.96631476,143.3707744
-21767.7666565,-15661.2696423,-21765.8981272,-15502.800469,195799.933688,-179852.581764,182389.302579,-158426.08696,-57634.4792719,-34124.6614683,-21756.6416933,-15498.750572,195793.933688,-179851.581764,182383.302579,-158420.08696,11,16.971672296524048,1616658331.6543174,-37.819380833333334,144.94953416666667,-37.819390166666665,144.95131266666667,-35.84156328,143.1362385,-35.96631476,143.3707744
-21829.2446875,-15707.2296643,-21773.1793375,-15516.2629558,195799.933688,-179852.581764,182389.302579,-158426.08696,-21807.972986,-15694.5440907,-21773.5645496,-15502.5193887,195806.933688,-179850.581764,182397.302579,-158421.08696,11,17.212133407592773,1616658368.6373832,-37.819932666666666,144.949012,-37.81945566666667,144.9511595,-35.84156328,143.1362385,-35.96631476,143.3707744
-21849.9441046,-15722.0474942,-21787.926512,-15542.092541,195799.933688,-179852.581764,182389.302579,-158426.08696,-21840.6961103,-15714.676473,-21782.3598777,-15529.0589928,195801.933688,-179857.581764,182379.302579,-158436.08696,11,17.008296966552734,1616658405.8539684,-37.82011716666667,144.94884483333334,-37.819588833333334,144.95086516666666,-35.84156328,143.1362385,-35.96631476,143.3707744
-21852.9631695,-15727.3164555,-21783.3352634,-15541.8965649,195799.933688,-179852.581764,182389.302579,-158426.08696,-21852.854818,-15728.3271796,-21787.5624479,-15542.3725694,195807.933688,-179859.581764,182379.302579,-158422.08696,11,17.1484854221344,1616658442.881763,-37.82014383333333,144.94878533333332,-37.81954783333333,144.95086716666665,-35.84156328,143.1362385,-35.96631476,143.3707744
-21862.8450338,-15737.9517106,-21777.0190622,-15549.413698,195799.933688,-179852.581764,182389.302579,-158426.08696,-21862.7616886,-15736.6713693,-21777.2342738,-15543.2246059,195793.933688,-179862.581764,182385.302579,-158432.08696,11,17.303379774093628,1616658480.046305,-37.8202325,144.9486645,-37.81949016666667,144.9507825,-35.84156328,143.1362385,-35.96631476,143.3707744
-21864.0197599,-15732.5407845,-21768.7627726,-15552.4341266,195799.933688,-179852.581764,182389.302579,-158426.08696,-21860.12379,-15731.1949483,-21782.3689592,-15553.7264357,195807.933688,-179859.581764,182391.302579,-158432.08696,11,17.18463158607483,1616658517.357705,-37.82024216666667,144.94872683333332,-37.81941466666667,144.95074933333333,-35.84156328,143.1362385,-35.96631476,143.3707744
-21868.8096127,-15721.8442094,-21768.4320971,-15544.5810648,195799.933688,-179852.581764,182389.302579,-158426.08696,-21865.4285787,-15723.6248699,-21778.4748514,-15540.4774021,195794.933688,-179860.581764,182385.302579,-158424.08696,11,17.112724781036377,1616658554.5627663,-37.820287,144.94884683333333,-37.81941166666667,144.95083866666667,-35.84156328,143.1362385,-35.96631476,143.3707744
-21865.0314023,-15699.7229473,-21773.4201909,-15543.0103925,195799.933688,-179852.581764,182389.302579,-158426.08696,-21869.876023,-15713.5484725,-21771.5884859,-15533.8197571,195800.933688,-179856.581764,182381.302579,-158422.08696,11,17.223325490951538,1616658591.6823406,-37.8202555,144.94909616666666,-37.819456333333335,144.95085666666665,-35.84156328,143.1362385,-35.96631476,143.3707744
-21848.3130965,-15674.7584248,-21770.9097016,-15539.9120447,195799.933688,-179852.581764,182389.302579,-158426.08696,-21851.4300873,-15681.0806111,-21772.485575,-15551.866155,195806.933688,-179854.581764,182396.302579,-158426.08696,11,17.388425827026367,1616658628.919078,-37.82010866666667,144.949377,-37.81943366666667,144.950892,-35.84156328,143.1362385,-35.96631476,143.3707744
-21859.255679,-15682.8136543,-21757.0390018,-15511.6661514,195799.933688,-179852.581764,182389.302579,-158426.08696,-21851.5311759,-15676.8634138,-21750.3344542,-15521.0478224,195802.933688,-179860.581764,182393.302579,-158432.08696,11,17.39916753768921,1616658666.3297622,-37.8202065,144.94928583333333,-37.819309833333335,144.9512125,-35.84156328,143.1362385,-35.96631476,143.3707744
-21880.8909743,-15696.5713447,-21755.8202504,-15515.7867565,195799.933688,-179852.581764,182389.302579,-158426.08696,-21871.5108165,-15693.2797408,-21763.3680195,-15510.8570996,195797.933688,-179848.581764,182398.302579,-158434.08696,11,17.0338397026062,1616658703.7541444,-37.82039983333333,144.94913033333333,-37.81929866666667,144.95116583333333,-35.84156328,143.1362385,-35.96631476,143.3707744
-21895.7052664,-15695.4767993,-21757.6184241,-15519.6888383,195799.933688,-179852.581764,182389.302579,-158426.08696,-118225.459098,-45864.1349731,-21760.1500045,-15522.9486051,195793.933688,-179862.581764,182390.302579,-158435.08696,11,17.290857076644897,1616658740.8097692,-37.8205325,144.94914316666666,-37.819315333333336,144.951121,-35.84156328,143.1362385,-35.96631476,143.3707744
-21909.2207412,-15699.3099728,-21759.1160691,-15521.9585211,195799.933688,-179852.581764,182389.302579,-158426.08696,-21888.5918019,-15687.1032297,-21753.3235865,-15522.3045953,195796.933688,-179843.581764,182383.302579,-158431.08696,11,17.18841052055359,1616658778.1063292,-37.82065216666667,144.94910116666668,-37.819329,144.951095,-35.84156328,143.1362385,-35.96631476,143.3707744
-21912.9286081,-15712.0966216,-21780.0136669,-15537.7744474,195799.933688,-179852.581764,182389.302579,-158426.08696,-21922.106502,-15725.69316,-21769.0962931,-15524.9483282,195794.933688,-179857.581764,182398.302579,-158429.08696,11,17.353837728500366,1616658815.3144643,-37.820684666666665,144.9489565,-37.81951766666667,144.95091433333334,-35.84156328,143.1362385,-35.96631476,143.3707744
-21913.4144066,-15716.7619684,-21794.4567171,-15537.1398069,195799.933688,-179852.581764,182389.302579,-158426.08696,-21902.8232206,-15696.0642141,-21795.6666869,-15548.2950049,195800.933688,-179857.581764,182397.302579,-158430.08696,11,17.321627140045166,1616658852.6897776,-37.8206875,144.94890483333333,-37.8196475,144.9509215,-35.84156328,143.1362385,-35.96631476,143.3707744
-21927.3152879,-15741.629132,-21800.2559574,-15540.6202202,195799.933688,-179852.581764,182389.302579,-158426.08696,-21922.1569924,-15733.200699,-21793.6346606,-15541.143903,195791.933688,-179851.581764,182380.302579,-158427.08696,11,17.247971057891846,1616658890.0337977,-37.820811166666665,144.94862316666666,-37.81969933333333,144.95088216666667,-35.84156328,143.1362385,-35.96631476,143.3707744
-21930.1866405,-15760.3580528,-21786.0230101,-15532.6373502,195799.933688,-179852.581764,182389.302579,-158426.08696,-21927.8812763,-15744.2434284,-21790.3302751,-15539.6992132,195799.933688,-179856.581764,182397.302579,-158425.08696,11,17.41755747795105,1616658927.2997155,-37.8208335,144.94841333333332,-37.81957083333333,144.9509735,-35.84156328,143.1362385,-35.96631476,143.3707744
-21944.4414222,-15778.8982798,-21777.7263202,-15530.0819408,195799.933688,-179852.581764,182389.302579,-158426.08696,-21944.128882,-15774.567264,-21783.9192453,-15537.5696621,195804.933688,-179859.581764,182382.302579,-158429.08696,11,17.40430474281311,1616658964.7351825,-37.820959,144.94820483333334,-37.81949616666667,144.95100266666665,-35.84156328,143.1362385,-35.96631476,143.3707744
-21969.2372342,-15802.5545803,-21777.3603345,-15534.2315033,195799.933688,-179852.581764,182389.302579,-158426.08696,-21953.1436709,-15790.1102052,-21779.6420695,-15523.1762683,195795.933688,-179843.581764,182379.302579,-158434.08696,11,17.404717445373535,1616659002.157814,-37.821177166666665,144.94794,-37.81949266666667,144.95095566666666,-35.84156328,143.1362385,-35.96631476,143.3707744
-21953.5251353,-15802.4282254,-21783.6561044,-15531.8834343,195799.933688,-179852.581764,182389.302579,-158426.08696,-21978.1025796,-15810.4099486,-21786.478258,-15540.4086568,195793.933688,-179843.581764,182381.302579,-158434.08696,11,17.365296363830566,1616659039.5849247,-37.8210365,144.947941,-37.81954983333333,144.95098183333334,-35.84156328,143.1362385,-35.96631476,143.3707744
-21915.9749389,-15812.307514,-21779.4839694,-15532.1218107,195799.933688,-179852.581764,182389.302579,-158426.08696,-21942.3358576,-15809.6914963,-21785.7844558,-15537.3616701,195806.933688,-179862.581764,182393.302579,-158434.08696,11,17.648784399032593,1616659076.9697762,-37.820699166666664,144.94782866666668,-37.81951266666667,144.95097883333332,-35.84156328,143.1362385,-35.96631476,143.3707744
-21889.7705337,-15819.5995565,-21781.3402388,-15542.7626417,195799.933688,-179852.581764,182389.302579,-158426.08696,-21897.9274846,-15818.2160652,-21772.7898091,-15536.6979618,195801.933688,-179862.581764,182392.302579,-158422.08696,11,17.31979513168335,1616659114.6210306,-37.82046366666667,144.94774583333333,-37.819529333333335,144.95085783333334,-35.84156328,143.1362385,-35.96631476,143.3707744
-21861.0719363,-15803.2558701,-21775.5583638,-15535.708273,195799.933688,-179852.581764,182389.302579,-158426.08696,-21875.2256721,-15814.1868448,-21785.3490063,-15537.6465166,195804.933688,-179860.581764,182379.302579,-158435.08696,11,17.32988929748535,1616659151.9658127,-37.82020933333333,144.9479285,-37.819476333333334,144.950939,-35.84156328,143.1362385,-35.96631476,143.3707744
-21825.6143321,-15803.4103342,-21762.252786,-15540.5357532,195799.933688,-179852.581764,182389.302579,-158426.08696,-21839.2565863,-15803.2794505,-21763.6994848,-15533.2504678,195794.933688,-179860.581764,182382.302579,-158428.08696,11,17.43802237510681,1616659189.3088717,-37.819892333333335,144.94792533333333,-37.81935466666667,144.950886,-35.84156328,143.1362385,-35.96631476,143.3707744
-21825.2073595,-15758.7944367,-21758.1121,-15544.9631184,195799.933688,-179852.581764,182389.302579,-158426.08696,-21826.1354341,-15779.9090329,-21765.8574017,-15540.3499327,195792.933688,-179855.581764,182391.302579,-158421.08696,11,17.43751621246338,1616659226.7641375,-37.819894166666664,144.94842766666667,-37.81931633333333,144.95083666666667,-35.84156328,143.1362385,-35.96631476,143.3707744
-21800.1120828,-15718.777899,-21760.5952741,-15547.0410781,195799.933688,-179852.581764,182389.302579,-158426.08696,-21808.3359545,-15743.9568787,-21765.8083122,-15543.7294309,195800.933688,-179844.581764,182385.302579,-158426.08696,11,17.683509826660156,1616659264.2238047,-37.81967516666667,144.94887683333334,-37.8193385,144.95081316666668,-35.84156328,143.1362385,-35.96631476,143.3707744
-21803.2245147,-15644.3430024,-21761.0664696,-15550.5505603,195799.933688,-179852.581764,182389.302579,-158426.08696,-21801.669547,-15679.8577582,-21759.4610201,-15558.3276392,195795.933688,-179862.581764,182387.302579,-158428.08696,11,17.494250297546387,1616659301.9268425,-37.81971466666667,144.94971283333334,-37.81934283333333,144.95077316666666,-35.84156328,143.1362385,-35.96631476,143.3707744
-21790.0983424,-15595.2214177,-21753.0129989,-15543.9062967,195799.933688,-179852.581764,182389.302579,-158426.08696,-21793.2421767,-15609.2521795,-21763.4154024,-15537.171563,195800.933688,-179860.581764,182389.302579,-158427.08696,11,17.30118441581726,1616659339.4422116,-37.8196035,144.95026533333333,-37.81927016666667,144.950849,-35.84156328,143.1362385,-35.96631476,143.3707744
-21793.9000498,-15578.1468288,-21758.5567376,-15543.3066456,195799.933688,-179852.581764,182389.302579,-158426.08696,-21793.561827,-15591.4760037,-21750.842096,-15542.3826947,195801.933688,-179860.581764,182383.302579,-158434.08696,11,17.53758406639099,1616659376.7497997,-37.819641,144.9504565,-37.81932033333333,144.9508555,-35.84156328,143.1362385,-35.96631476,143.3707744
-21780.6807745,-15548.6292534,-21753.2131821,-15546.8082919,195799.933688,-179852.581764,182389.302579,-158426.08696,-21788.4853203,-15562.0752896,-21762.729693,-15541.2775753,195791.933688,-179849.581764,182385.302579,-158424.08696,11,17.10822606086731,1616659414.3098354,-37.81952483333333,144.95078983333335,-37.81927233333333,144.95081566666667,-35.84156328,143.1362385,-35.96631476,143.3707744
-21778.7367751,-15542.9837836,-21751.0019103,-15554.9436954,195799.933688,-179852.581764,182389.302579,-158426.08696,-21775.1060393,-15541.747265,-21737.5052689,-15545.6083936,195796.933688,-179853.581764,182382.302579,-158430.08696,11,17.330109357833862,1616659451.434223,-37.81951,144.95085166666667,-37.819253,144.95072266666668,-35.84156328,143.1362385,-35.96631476,143.3707744
-21787.9939631,-15517.4507488,-21759.7833443,-15530.2311685,195799.933688,-179852.581764,182389.302579,-158426.08696,-21783.6342631,-15533.9306295,-21762.6124162,-15536.6368026,195795.933688,-179856.581764,182383.302579,-158429.08696,11,17.341652393341064,1616659488.7890494,-37.8195975,144.95113816666668,-37.819334166666664,144.95100166666666,-35.84156328,143.1362385,-35.96631476,143.3707744
-21791.2403063,-15493.2453629,-21761.2827511,-15519.4397387,195799.933688,-179852.581764,182389.302579,-158426.08696,-21788.8394892,-15499.8220386,-21754.9313981,-15520.88981,195803.933688,-179862.581764,182393.302579,-158420.08696,11,17.607399463653564,1616659526.1497593,-37.819630333333336,144.95141016666668,-37.819349,144.95112316666666,-35.84156328,143.1362385,-35.96631476,143.3707744
-21803.8878694,-15495.7044932,-21767.9489853,-15521.8705089,195799.933688,-179852.581764,182389.302579,-158426.08696,-21804.6603789,-15500.8507265,-21763.3123891,-15511.650592,195795.933688,-179850.581764,182389.302579,-158435.08696,11,17.46238398551941,1616659563.7777665,-37.819743833333334,144.95138233333333,-37.819409666666665,144.95109483333334,-35.84156328,143.1362385,-35.96631476,143.3707744
-21762.0846587,-15505.1851019,-21789.855682,-15538.5360025,195799.933688,-179852.581764,182389.302579,-158426.08696,-21784.6069407,-15495.2314879,-21791.5245991,-15532.2762789,195793.933688,-179857.581764,182394.302579,-158433.08696,11,17.59549307823181,1616659601.2494652,-37.81936783333333,144.95127483333334,-37.819608333333335,144.95090366666668,-35.84156328,143.1362385,-35.96631476,143.3707744
-21784.005045,-15496.6632256,-21785.1011003,-15530.8845392,195799.933688,-179852.581764,182389.302579,-158426.08696,-21769.4975334,-15505.1074976,-21774.9217694,-15538.2974783,195806.933688,-179851.581764,182385.302579,-158422.08696,11,17.35412359237671,1616659638.8657818,-37.819565833333336,144.95137083333333,-37.819566,144.95099033333332,-35.84156328,143.1362385,-35.96631476,143.3707744
-21795.6902187,-15477.0608133,-21796.3448594,-15540.5594404,195799.933688,-179852.581764,182389.302579,-158426.08696,-21791.9375353,-15484.068346,-21774.0351891,-15533.6193058,195805.933688,-179853.581764,182381.302579,-158432.08696,11,17.5526020526886,1616659676.2347672,-37.819673,144.95159183333334,-37.819667,144.95088033333334,-35.84156328,143.1362385,-35.96631476,143.3707744
-21810.3655856,-15499.2703668,-21780.8348185,-15548.9674067,195799.933688,-179852.581764,182389.302579,-158426.08696,-21799.0200219,-15485.208017,-21785.4087238,-15546.1395118,195798.933688,-179848.581764,182395.302579,-158426.08696,11,17.641391038894653,1616659713.8097713,-37.81980216666667,144.95134166666668,-37.81952583333333,144.95078633333333,-35.84156328,143.1362385,-35.96631476,143.3707744
-21804.5230726,-15512.0340613,-21789.5575137,-15551.8052628,195799.933688,-179852.581764,182389.302579,-158426.08696,-21811.5637638,-15500.8578915,-21785.8756247,-15552.6743701,195793.933688,-179860.581764,182396.302579,-158436.08696,11,17.495798587799072,1616659751.4714205,-37.819748,144.951198,-37.81960483333334,144.9507535,-35.84156328,143.1362385,-35.96631476,143.3707744
-21789.667156,-15539.6027084,-21800.2119975,-15568.1981921,195799.933688,-179852.581764,182389.302579,-158426.08696,-21796.2168836,-15528.7100894,-21802.8504618,-15564.5283217,195804.933688,-179850.581764,182385.302579,-158421.08696,11,17.75865387916565,1616659788.9858148,-37.8196115,144.95088716666666,-37.819699166666666,144.95056833333334,-35.84156328,143.1362385,-35.96631476,143.3707744
96100.4181057,16668.0283413,-21786.713765,-15570.7576612,195799.933688,-179852.581764,182389.302579,-158426.08696,-21790.9610068,-15544.7096157,-21789.9298287,-15568.2448626,195794.933688,-179854.581764,182385.302579,-158432.08696,11,17.759108543395996,1616659826.7572505,-36.8008490951,145.304805101,-37.8195785,144.95053866666666,-35.84156328,143.1362385,-35.96631476,143.3707744
-21798.1342508,-15522.13949,-21778.2102528,-15565.8963714,195799.933688,-179852.581764,182389.302579,-158426.08696,-21798.4323594,-15527.2959419,-21778.0676441,-15557.9087937,195799.933688,-179845.581764,182382.302579,-158426.08696,11,17.78703761100769,1616659864.526077,-37.819689,144.9510845,-37.81950333333333,144.95059283333333,-35.84156328,143.1362385,-35.96631476,143.3707744
-21798.352581,-15517.0952174,-21775.2237371,-15581.6418107,195799.933688,-179852.581764,182389.302579,-158426.08696,-21795.3544266,-15518.7280842,-21766.3693473,-15580.8671706,195796.933688,-179843.581764,182379.302579,-158420.08696,11,18.18018651008606,1616659902.3345532,-37.819691,144.95114183333334,-37.8194755,144.95041466666666,-35.84156328,143.1362385,-35.96631476,143.3707744
-21776.0336434,-15544.9862805,-21774.9920677,-15587.6249848,195799.933688,-179852.581764,182389.302579,-158426.08696,-21785.4303405,-15531.0694545,-21785.605902,-15580.5112811,195801.933688,-179853.581764,182398.302579,-158435.08696,11,18.46625542640686,1616659940.5342402,-37.819488,144.95082683333334,-37.819473,144.950347,-35.84156328,143.1362385,-35.96631476,143.3707744
-21768.3237235,-15563.8940404,-21771.2731117,-15594.4140766,195799.933688,-179852.581764,182389.302579,-158426.08696,-21773.1418272,-15553.3202447,-21779.285357,-15588.0115902,195805.933688,-179858.581764,182391.302579,-158417.08696,11,18.204014778137207,1616659979.0263007,-37.819416833333335,144.9506135,-37.81943916666667,144.95027016666666,-35.84156328,143.1362385,-35.96631476,143.3707744
-21760.6781372,-15573.288309,-21767.5475928,-15594.1054032,195799.933688,-179852.581764,182389.302579,-158426.08696,-21761.8488364,-15569.3212226,-21775.5351882,-15588.3065979,195808.933688,-179856.581764,182381.302579,-158420.08696,11,18.20749258995056,1616660017.2471652,-37.819346833333334,144.95050783333335,-37.819405333333336,144.950274,-35.84156328,143.1362385,-35.96631476,143.3707744
-21760.4857214,-15585.5221041,-21764.5858913,-15589.049395,195799.933688,-179852.581764,182389.302579,-158426.08696,-21759.9953197,-15579.3375711,-21760.8159417,-15601.2926621,195793.933688,-179859.581764,182394.302579,-158433.08696,11,17.848363161087036,1616660055.4779377,-37.81934366666667,144.95037,-37.81937816666667,144.950332,-35.84156328,143.1362385,-35.96631476,143.3707744
-21762.5557929,-15599.2784673,-21772.9339796,-15575.9013971,195799.933688,-179852.581764,182389.302579,-158426.08696,-21761.5134409,-15596.5674981,-21776.0586905,-15572.4629747,195796.933688,-179861.581764,182397.302579,-158425.08696,11,17.805042266845703,1616660093.355127,-37.81936066666667,144.95021500000001,-37.8194545,144.95048033333333,-35.84156328,143.1362385,-35.96631476,143.3707744
-21761.5229877,-15604.0999901,-21779.6697046,-15564.8912827,195799.933688,-179852.581764,182389.302579,-158426.08696,-21762.4431746,-15605.0313453,-21773.9001209,-15580.4031279,195805.933688,-179861.581764,182390.302579,-158418.08696,11,18.36447310447693,1616660131.1670945,-37.81935083333333,144.95016066666668,-37.819516,144.95060466666666,-35.84156328,143.1362385,-35.96631476,143.3707744
-21760.3608085,-15601.4680191,-21781.9038338,-15549.5825486,195799.933688,-179852.581764,182389.302579,-158426.08696,-21760.6720277,-15600.6165029,-21778.9117126,-15554.7849498,195790.933688,-179853.581764,182385.302579,-158428.08696,11,18.308842420578003,1616660169.541155,-37.8193405,144.9501905,-37.81953766666667,144.95077733333332,-35.84156328,143.1362385,-35.96631476,143.3707744
-21759.4209725,-15597.5476388,-21786.2413812,-15538.3343406,195799.933688,-179852.581764,182389.302579,-158426.08696,-21759.8949432,-15597.4537927,-21788.1079101,-15537.1704078,195795.933688,-179857.581764,182379.302579,-158430.08696,11,18.204874753952026,1616660207.8778138,-37.819332333333335,144.95023483333333,-37.81957766666667,144.95090433333334,-35.84156328,143.1362385,-35.96631476,143.3707744
-21747.6959555,-15601.6862612,-21789.3735438,-15527.8924405,195799.933688,-179852.581764,182389.302579,-158426.08696,-21756.6518319,-15603.2096663,-21795.2377191,-15518.5898754,195801.933688,-179860.581764,182397.302579,-158430.08696,11,18.315996170043945,1616660246.102432,-37.81922616666667,144.9501885,-37.81960683333333,144.95102216666666,-35.84156328,143.1362385,-35.96631476,143.3707744
-21741.4634425,-15596.9817552,-21780.5281564,-15544.8921715,195799.933688,-179852.581764,182389.302579,-158426.08696,-21740.7204059,-15596.9530619,-21791.2721847,-15536.3020429,195802.933688,-179859.581764,182398.302579,-158426.08696,11,18.134690761566162,1616660284.4414299,-37.819170166666666,144.950242,-37.8195255,144.9508305,-35.84156328,143.1362385,-35.96631476,143.3707744
-21752.4398252,-15582.8785213,-21768.4614417,-15553.9900422,195799.933688,-179852.581764,182389.302579,-158426.08696,-21741.6365265,-15592.741767,-21786.1048812,-15539.7723465,195804.933688,-179858.581764,182392.302579,-158434.08696,11,18.402324676513672,1616660322.5978115,-37.819270333333336,144.950401,-37.819416,144.950728,-35.84156328,143.1362385,-35.96631476,143.3707744
-21764.2136409,-15568.1231755,-21761.7479457,-15576.1084648,195799.933688,-179852.581764,182389.302579,-158426.08696,-21762.2317032,-15567.4158957,-21761.356634,-15558.3784812,195802.933688,-179859.581764,182379.302579,-158422.08696,11,18.668305158615112,1616660361.004988,-37.8193785,144.95056666666667,-37.81935433333334,144.95047766666667,-35.84156328,143.1362385,-35.96631476,143.3707744
-21769.9962848,-15566.6281359,-21760.8872132,-15585.3448013,195799.933688,-179852.581764,182389.302579,-158426.08696,70145.5841315,23206.554501,-21767.8357243,-15588.7270646,195792.933688,-179858.581764,182383.302579,-158417.08696,11,18.20826530456543,1616660399.6937628,-37.819430833333335,144.95058333333333,-37.819346,144.95037316666668,-35.84156328,143.1362385,-35.96631476,143.3707744
-21762.8893879,-15568.2323062,-21760.2310485,-15597.7574841,195799.933688,-179852.581764,182389.302579,-158426.08696,-21765.3155863,-15571.3380478,-21762.7360116,-15594.5083535,195795.933688,-179848.581764,182382.302579,-158424.08696,11,18.087799310684204,1616660437.9227324,-37.819366333333335,144.95056566666668,-37.819339,144.950233,-35.84156328,143.1362385,-35.96631476,143.3707744
-21757.5310532,-15578.7007047,-21759.0854839,-15604.597585,195799.933688,-179852.581764,182389.302579,-158426.08696,-21759.085896,-15571.8309045,-21756.1070677,-15609.5643388,195797.933688,-179849.581764,182391.302579,-158420.08696,11,17.887100219726562,1616660476.026363,-37.81931683333333,144.95044783333333,-37.81932783333333,144.950156,-35.84156328,143.1362385,-35.96631476,143.3707744
-21744.0284808,-15600.0031559,-21752.8119636,-15608.0330029,195799.933688,-179852.581764,182389.302579,-158426.08696,-21748.6446346,-15591.4791643,-21765.2758084,-15617.0786844,195806.933688,-179844.581764,182397.302579,-158428.08696,11,18.5111882686615,1616660513.9292562,-37.819193,144.95020783333334,-37.819270833333334,144.9501175,-35.84156328,143.1362385,-35.96631476,143.3707744
-21758.7298721,-15611.5376783,-21747.4738046,-15613.7931712,195799.933688,-179852.581764,182389.302579,-158426.08696,-21754.7738791,-15607.1709376,-21736.7808336,-15617.9533961,195794.933688,-179844.581764,182397.302579,-158423.08696,11,18.53591513633728,1616660552.459854,-37.81932416666667,144.9500775,-37.81922083333333,144.95005383333333,-35.84156328,143.1362385,-35.96631476,143.3707744
-21751.9855699,-15617.515307,-21742.2220058,-15618.9459012,195799.933688,-179852.581764,182389.302579,-158426.08696,-21752.7451496,-15614.4530938,-21739.0074281,-15619.2272495,195795.933688,-179847.581764,182389.302579,-158426.08696,11,18.584274530410767,1616660591.0097404,-37.81926266666667,144.95001033333332,-37.819173166666666,144.94999566666667,-35.84156328,143.1362385,-35.96631476,143.3707744
-21759.939202,-15621.0327147,-21731.5134769,-15617.1655778,195799.933688,-179852.581764,182389.302579,-158426.08696,-21756.2899535,-15621.4144101,-21730.2168966,-15611.3948798,195791.933688,-179858.581764,182387.302579,-158436.08696,11,18.422252893447876,1616660629.6066012,-37.8193345,144.94997,-37.81907666666667,144.95001616666667,-35.84156328,143.1362385,-35.96631476,143.3707744
-21750.0255581,-15619.3062495,-21714.1425969,-15614.086278,195799.933688,-179852.581764,182389.302579,-158426.08696,-21757.9140226,-15622.0680302,-21728.6409597,-15624.4154695,195808.933688,-179862.581764,182390.302579,-158430.08696,11,18.407910108566284,1616660668.0497828,-37.819244833333336,144.94999016666668,-37.8189195,144.95005216666667,-35.84156328,143.1362385,-35.96631476,143.3707744
-21739.5203147,-15617.6320959,-21716.0444955,-15609.350513,195799.933688,-179852.581764,182389.302579,-158426.08696,-21742.1615278,-15618.7204387,-21721.6311896,-15610.1907428,195805.933688,-179857.581764,182398.302579,-158418.08696,11,18.324129819869995,1616660706.479951,-37.819150666666665,144.950009,-37.818937166666664,144.9501055,-35.84156328,143.1362385,-35.96631476,143.3707744
-21738.8037047,-15618.6879741,-21728.7777688,-15614.041639,195799.933688,-179852.581764,182389.302579,-158426.08696,-21736.5704381,-15617.5276496,-21722.5781651,-15619.1111552,195808.933688,-179855.581764,182398.302579,-158431.08696,11,18.67795443534851,1616660744.825804,-37.81914366666667,144.9499975,-37.819052666666664,144.95005116666667,-35.84156328,143.1362385,-35.96631476,143.3707744
-21743.7881014,-15618.2515571,-21747.3430555,-15615.0151601,195799.933688,-179852.581764,182389.302579,-158426.08696,-21739.7036286,-15618.6522564,-21733.5884332,-15615.2050608,195793.933688,-179858.581764,182393.302579,-158423.08696,11,18.487589836120605,1616660783.5258179,-37.819189333333334,144.95000166666668,-37.81922216666667,144.95003766666667,-35.84156328,143.1362385,-35.96631476,143.3707744
-21747.2244686,-15616.9311659,-21748.2736333,-15605.7183524,195799.933688,-179852.581764,182389.302579,-158426.08696,-21744.5911944,-15617.4550137,-21757.5278316,-15606.6342569,195807.933688,-179854.581764,182394.302579,-158431.08696,11,18.525379180908203,1616660822.0338147,-37.81922133333333,144.95001566666667,-37.819231333333335,144.95014266666666,-35.84156328,143.1362385,-35.96631476,143.3707744
-21739.2642216,-15613.5395155,-21754.3544946,-15604.1007264,195799.933688,-179852.581764,182389.302579,-158426.08696,-21742.3055909,-15614.7143035,-21752.8075972,-15614.0777249,195805.933688,-179845.581764,182390.302579,-158422.08696,11,18.310275554656982,1616660860.577824,-37.819149333333336,144.95005466666666,-37.819287333333335,144.95015983333334,-35.84156328,143.1362385,-35.96631476,143.3707744
1655531.13883,-415461.509684,-21754.7431774,-15601.519426,195799.933688,-179852.581764,182389.302579,-158426.08696,-21735.8678853,-15612.263098,-21760.342417,-15605.86715,195806.933688,-179857.581764,182393.302579,-158436.08696,11,18.565498113632202,1616660898.9060674,-17.994348526,140.106984417,-37.81929066666667,144.95018933333333,-35.84156328,143.1362385,-35.96631476,143.3707744
-21736.7089644,-15607.7126816,-21763.9655216,-15593.3795827,195799.933688,-179852.581764,182389.302579,-158426.08696,-21736.6146483,-15608.7374215,-21760.3642125,-15600.4562598,195800.933688,-179862.581764,182379.302579,-158426.08696,11,18.385464668273926,1616660937.475946,-37.81912666666667,144.95012066666666,-37.81937416666667,144.95028133333332,-35.84156328,143.1362385,-35.96631476,143.3707744
-21744.185324,-15604.3603959,-21747.0091361,-15601.1946294,195799.933688,-179852.581764,182389.302579,-158426.08696,-21739.9806739,-15606.4735227,-21745.4735333,-15591.7698202,195797.933688,-179848.581764,182398.302579,-158429.08696,11,18.315677881240845,1616660975.8817642,-37.81919416666667,144.9501585,-37.81922083333333,144.95019333333335,-35.84156328,143.1362385,-35.96631476,143.3707744
-21753.9612857,-15606.9976032,-21757.7889576,-15597.2750208,195799.933688,-179852.581764,182389.302579,-158426.08696,-21752.2661065,-15606.9058811,-21762.7167945,-15588.9187324,195795.933688,-179847.581764,182394.302579,-158425.08696,11,18.22620987892151,1616661014.221862,-37.819281833333335,144.95012866666667,-37.819318333333335,144.95023733333332,-35.84156328,143.1362385,-35.96631476,143.3707744
-21753.5285626,-15605.4488203,-21748.7495252,-15593.1306316,195799.933688,-179852.581764,182389.302579,-158426.08696,-21754.3932915,-15605.6489569,-21749.5038031,-15600.803764,195803.933688,-179851.581764,182390.302579,-158425.08696,11,18.43905282020569,1616661052.474321,-37.81927733333333,144.95014683333332,-37.819236333333336,144.95028516666667,-35.84156328,143.1362385,-35.96631476,143.3707744
-21749.9437374,-15605.3454939,-21745.8596181,-15595.6203793,195799.933688,-179852.581764,182389.302579,-158426.08696,-21750.2314893,-15606.9511236,-21738.3445118,-15600.5497897,195790.933688,-179851.581764,182382.302579,-158423.08696,11,18.376640796661377,1616661090.9297764,-37.8192455,144.95014766666668,-37.81920983333333,144.95025733333333,-35.84156328,143.1362385,-35.96631476,143.3707744
-21734.6812313,-15603.8631726,-21752.1943733,-15582.954828,195799.933688,-179852.581764,182389.302579,-158426.08696,-21743.2052765,-15604.6807696,-21759.8032186,-15586.3442179,195801.933688,-179845.581764,182382.302579,-158417.08696,11,18.286078453063965,1616661129.3296952,-37.819107833333334,144.950165,-37.81926716666667,144.950401,-35.84156328,143.1362385,-35.96631476,143.3707744
-21729.8706878,-15605.7448858,-21745.6558687,-15565.5361896,195799.933688,-179852.581764,182389.302579,-158426.08696,-21732.340132,-15605.2777014,-21753.7076153,-15585.1113933,195801.933688,-179844.581764,182389.302579,-158424.08696,11,18.508179903030396,1616661167.6261694,-37.819064166666664,144.950144,-37.819208333333336,144.95059916666668,-35.84156328,143.1362385,-35.96631476,143.3707744
-21713.4910945,-15598.7624675,-21742.4290938,-15548.5044522,195799.933688,-179852.581764,182389.302579,-158426.08696,-21730.1347946,-15603.2126836,-21736.5832293,-15558.720417,195804.933688,-179843.581764,182387.302579,-158420.08696,11,18.75887370109558,1616661206.153774,-37.818916333333334,144.950224,-37.819177333333336,144.95079466666667,-35.84156328,143.1362385,-35.96631476,143.3707744
-21718.5341232,-15602.1463126,-21728.0738611,-15565.6631152,195799.933688,-179852.581764,182389.302579,-158426.08696,-21722.6131986,-15604.8417579,-21727.0956726,-15559.0118352,195804.933688,-179855.581764,182387.302579,-158430.08696,11,18.297647953033447,1616661244.937888,-37.81896166666667,144.9501855,-37.819046166666666,144.9506015,-35.84156328,143.1362385,-35.96631476,143.3707744
-21718.5341232,-15602.1463126,-21720.9415316,-15564.3169012,195799.933688,-179852.581764,182389.302579,-158426.08696,-21718.5341232,-15602.1463126,-21734.2270159,-15567.4861619,195804.933688,-179847.581764,182381.302579,-158422.08696,11,18.19646716117859,1616661283.2559774,-37.81896166666667,144.9501855,-37.8189815,144.95061733333333,-35.84156328,143.1362385,-35.96631476,143.3707744
-21718.5341232,-15602.1463126,-21715.2268145,-15552.3609463,195799.933688,-179852.581764,182389.302579,-158426.08696,-21718.5341232,-15602.1463126,-21724.1558506,-15571.9671619,195805.933688,-179854.581764,182383.302579,-158436.08696,11,18.670231103897095,1616661321.4738333,-37.81896166666667,144.9501855,-37.81893066666667,144.95075283333333,-35.84156328,143.1362385,-35.96631476,143.3707744
-21718.5341232,-15602.1463126,-21716.3060805,-15527.1407947,195799.933688,-179852.581764,182389.302579,-158426.08696,-21718.5341232,-15602.1463126,-21723.8205639,-15541.7963718,195805.933688,-179861.581764,182398.302579,-158428.08696,11,18.497743606567383,1616661360.1665108,-37.81896166666667,144.9501855,-37.818942,144.95103816666668,-35.84156328,143.1362385,-35.96631476,143.3707744
-21718.5341232,-15602.1463126,-21707.3473022,-15523.7026318,195799.933688,-179852.581764,182389.302579,-158426.08696,-21718.5341232,-15602.1463126,-21710.8281409,-15532.3145183,195795.933688,-179858.581764,182393.302579,-158430.08696,11,18.171154737472534,1616661398.6696055,-37.81896166666667,144.9501855,-37.81886216666667,144.95107666666667,-35.84156328,143.1362385,-35.96631476,143.3707744
-21718.5341232,-15602.1463126,-21719.7343408,-15517.0143187,195799.933688,-179852.581764,182389.302579,-158426.08696,-21718.5341232,-15602.1463126,-21698.2670487,-15535.0748509,195791.933688,-179860.581764,182397.302579,-158421.08696,11,18.250267505645752,1616661436.861808,-37.81896166666667,144.9501855,-37.818974833333336,144.9511515,-35.84156328,143.1362385,-35.96631476,143.3707744
-21718.5341232,-15602.1463126,-21730.9379152,-15535.47305,195799.933688,-179852.581764,182389.302579,-158426.08696,-21718.5341232,-15602.1463126,-21730.2907845,-15514.4376672,195807.933688,-179861.581764,182387.302579,-158433.08696,11,18.43009352684021,1616661475.133808,-37.81896166666667,144.9501855,-37.819076333333335,144.95094083333333,-35.84156328,143.1362385,-35.96631476,143.3707744
-21718.5341232,-15602.1463126,-21751.1231125,-15571.8826596,195799.933688,-179852.581764,182389.302579,-158426.08696,-21718.5341232,-15602.1463126,-21750.8400816,-15557.0780386,195806.933688,-179854.581764,182390.302579,-158423.08696,11,18.268256902694702,1616661513.5857904,-37.81896166666667,144.9501855,-37.81925966666667,144.950525,-35.84156328,143.1362385,-35.96631476,143.3707744
-21718.5341232,-15602.1463126,-21743.7827428,-15578.8585612,195799.933688,-179852.581764,182389.302579,-158426.08696,-21718.5341232,-15602.1463126,-21742.5657029,-15571.608906,195792.933688,-179856.581764,182380.302579,-158434.08696,11,18.170947790145874,1616661551.857186,-37.81896166666667,144.9501855,-37.819195,144.9504445,-35.84156328,143.1362385,-35.96631476,143.3707744
-21718.5341232,-15602.1463126,-21734.903503,-15579.5142095,195799.933688,-179852.581764,182389.302579,-158426.08696,-21718.5341232,-15602.1463126,-21739.1965607,-15573.3027104,195802.933688,-179851.581764,182384.302579,-158425.08696,11,18.348451137542725,1616661590.0497925,-37.81896166666667,144.9501855,-37.819116,144.95043633333333,-35.84156328,143.1362385,-35.96631476,143.3707744
-21718.5341232,-15602.1463126,-21746.0771663,-15563.8593704,195799.933688,-179852.581764,182389.302579,-158426.08696,-21718.5341232,-15602.1463126,-21745.3650706,-15566.0618166,195804.933688,-179849.581764,182392.302579,-158431.08696,11,18.034580945968628,1616661628.4009595,-37.81896166666667,144.9501855,-37.819217,144.95061383333334,-35.84156328,143.1362385,-35.96631476,143.3707744
-21718.5341232,-15602.1463126,-21740.9894974,-15562.2244217,195799.933688,-179852.581764,182389.302579,-158426.08696,-21718.5341232,-15602.1463126,-21744.967241,-15557.0136426,195794.933688,-179847.581764,182396.302579,-158424.08696,11,18.3539137840271,1616661666.4409103,-37.81896166666667,144.9501855,-37.81917083333333,144.95063283333334,-35.84156328,143.1362385,-35.96631476,143.3707744
-21718.5341232,-15602.1463126,-21681.0352154,-15551.3460966,195799.933688,-179852.581764,182389.302579,-158426.08696,-21718.5341232,-15602.1463126,-21735.4764093,-15564.5248948,195797.933688,-179862.581764,182387.302579,-158434.08696,11,18.329806327819824,1616661704.8144188,-37.81896166666667,144.9501855,-37.818628833333335,144.9507595,-35.84156328,143.1362385,-35.96631476,143.3707744
-21718.5341232,-15602.1463126,-21692.7693486,-15529.8173222,195799.933688,-179852.581764,182389.302579,-158426.08696,-21718.5341232,-15602.1463126,-21702.8325589,-15524.4086498,195792.933688,-179846.581764,182382.302579,-158426.08696,11,18.250542640686035,1616661743.1657743,-37.81896166666667,144.9501855,-37.81873316666667,144.95100533333334,-35.84156328,143.1362385,-35.96631476,143.3707744
-21718.5341232,-15602.1463126,-21768.1325688,-15542.9553116,195799.933688,-179852.581764,182389.302579,-158426.08696,-21718.5341232,-15602.1463126,-21743.0539939,-15539.6536745,195794.933688,-179853.581764,182381.302579,-158432.08696,11,18.178312301635742,1616661781.4377825,-37.81896166666667,144.9501855,-37.819412666666665,144.95085383333333,-35.84156328,143.1362385,-35.96631476,143.3707744
-21718.5341232,-15602.1463126,-21794.8824747,-15563.9540856,195799.933688,-179852.581764,182389.302579,-158426.08696,-21718.5341232,-15602.1463126,-21775.7061041,-15557.2017187,195793.933688,-179854.581764,182388.302579,-158436.08696,11,18.839611291885376,1616661819.6377645,-37.81896166666667,144.9501855,-37.8196525,144.9506155,-35.84156328,143.1362385,-35.96631476,143.3707744
-21718.5341232,-15602.1463126,-21795.2065464,-15570.4584016,195799.933688,-179852.581764,182389.302579,-158426.08696,-21718.5341232,-15602.1463126,-21806.4511859,-15574.0688725,195801.933688,-179861.581764,182386.302579,-158427.08696,11,18.173911571502686,1616661858.4919481,-37.81896166666667,144.9501855,-37.819656,144.950541,-35.84156328,143.1362385,-35.96631476,143.3707744
-21718.5341232,-15602.1463126,-21791.3316765,-15579.9121922,195799.933688,-179852.581764,182389.302579,-158426.08696,-21718.5341232,-15602.1463126,-21798.0230261,-15570.5902422,195795.933688,-179853.581764,182395.302579,-158428.08696,11,18.664703607559204,1616661896.685778,-37.81896166666667,144.9501855,-37.819621166666664,144.9504335,-35.84156328,143.1362385,-35.96631476,143.3707744
-21718.5341232,-15602.1463126,-21786.1842161,-15582.9622964,195799.933688,-179852.581764,182389.302579,-158426.08696,-21718.5341232,-15602.1463126,-21792.0660857,-15576.1961594,195796.933688,-179860.581764,182397.302579,-158422.08696,11,18.265889644622803,1616661935.3642607,-37.81896166666667,144.9501855,-37.819576,144.95039783333334,-35.84156328,143.1362385,-35.96631476,143.3707744
-21718.5341232,-15602.1463126,-21770.431842,-15577.3795148,195799.933688,-179852.581764,182389.302579,-158426.08696,-21718.5341232,-15602.1463126,-21788.134257,-15577.1899799,195797.933688,-179862.581764,182379.302579,-158424.08696,11,18.334397315979004,1616661973.649778,-37.81896166666667,144.9501855,-37.819435,144.95046083333332,-35.84156328,143.1362385,-35.96631476,143.3707744
-21718.5341232,-15602.1463126,-21755.4273102,-15576.01578,195799.933688,-179852.581764,182389.302579,-158426.08696,-21718.5341232,-15602.1463126,-21760.0434752,-15583.8143142,195808.933688,-179846.581764,182395.302579,-158417.08696,11,18.397342443466187,1616662012.0058696,-37.81896166666667,144.9501855,-37.8193,144.9504765,-35.84156328,143.1362385,-35.96631476,143.3707744
-21718.5341232,-15602.1463126,-21752.4087211,-15576.2550699,195799.933688,-179852.581764,182389.302579,-158426.08696,-21718.5341232,-15602.1463126,-21755.5555931,-15572.4568345,195797.933688,-179845.581764,182379.302579,-158432.08696,11,18.169914484024048,1616662050.4257755,-37.81896166666667,144.9501855,-37.819273,144.95047366666665,-35.84156328,143.1362385,-35.96631476,143.3707744
-21718.5341232,-15602.1463126,-21768.0035368,-15579.7210682,195799.933688,-179852.581764,182389.302579,-158426.08696,-21718.5341232,-15602.1463126,-21754.5996265,-15581.621132,195800.933688,-179850.581764,182389.302579,-158434.08696,11,18.679446697235107,1616662088.6177835,-37.81896166666667,144.9501855,-37.819412666666665,144.95043466666667,-35.84156328,143.1362385,-35.96631476,143.3707744
-21718.5341232,-15602.1463126,-21779.3742851,-15584.7264058,195799.933688,-179852.581764,182389.302579,-158426.08696,-21718.5341232,-15602.1463126,-21766.2674974,-15585.1957029,195798.933688,-179862.581764,182393.302579,-158428.08696,11,18.447043418884277,1616662127.308486,-37.81896166666667,144.9501855,-37.819514,144.9503785,-35.84156328,143.1362385,-35.96631476,143.3707744
-21718.5341232,-15602.1463126,-21781.7756514,-15574.1794545,195799.933688,-179852.581764,182389.302579,-158426.08696,-21718.5341232,-15602.1463126,-21780.2630955,-15587.6905602,195797.933688,-179861.581764,182384.302579,-158431.08696,11,18.561341047286987,1616662165.7751396,-37.81896166666667,144.9501855,-37.819535333333334,144.95049866666668,-35.84156328,143.1362385,-35.96631476,143.3707744
-21718.5341232,-15602.1463126,-21757.9374857,-15564.343266,195799.933688,-179852.581764,182389.302579,-158426.08696,-21718.5341232,-15602.1463126,-21774.8200387,-15576.3783131,195803.933688,-179848.581764,182387.302579,-158429.08696,11,18.746822834014893,1616662204.3623135,-37.81896166666667,144.9501855,-37.81932116666667,144.9506105,-35.84156328,143.1362385,-35.96631476,143.3707744
-21718.5341232,-15602.1463126,-21751.5944418,-15578.0092645,195799.933688,-179852.581764,182389.302579,-158426.08696,-21718.5341232,-15602.1463126,-21746.7451653,-15578.151795,195802.933688,-179843.581764,182385.302579,-158417.08696,11,18.484800100326538,1616662243.129775,-37.81896166666667,144.9501855,-37.819265,144.95045433333334,-35.84156328,143.1362385,-35.96631476,143.3707744
-21718.5341232,-15602.1463126,-21772.2998349,-15570.9186272,195799.933688,-179852.581764,182389.302579,-158426.08696,-21718.5341232,-15602.1463126,-21762.7851358,-15573.8811666,195799.933688,-179859.581764,182394.302579,-158421.08696,11,18.272549867630005,1616662281.6216116,-37.81896166666667,144.9501855,-37.8194525,144.95053366666667,-35.84156328,143.1362385,-35.96631476,143.3707744
-21718.5341232,-15602.1463126,-21782.6161555,-15559.6045774,195799.933688,-179852.581764,182389.302579,-158426.08696,-21718.5341232,-15602.1463126,-21776.6500795,-15572.9403301,195793.933688,-179851.581764,182383.302579,-158435.08696,11,18.49485969543457,1616662319.918424,-37.81896166666667,144.9501855,-37.8195465,144.95066116666666,-35.84156328,143.1362385,-35.96631476,143.3707744
-21718.5341232,-15602.1463126,-21786.2154286,-15560.9974766,195799.933688,-179852.581764,182389.302579,-158426.08696,-21718.5341232,-15602.1463126,-21776.6400188,-15556.3745409,195802.933688,-179856.581764,182391.302579,-158435.08696,11,18.040781021118164,1616662358.433809,-37.81896166666667,144.9501855,-37.81957883333333,144.95064533333334,-35.84156328,143.1362385,-35.96631476,143.3707744
-21718.5341232,-15602.1463126,-21794.3865078,-15557.9431414,195799.933688,-179852.581764,182389.302579,-158426.08696,-21718.5341232,-15602.1463126,-21799.634806,-15550.7858378,195794.933688,-179851.581764,182390.302579,-158431.08696,11,18.484278917312622,1616662396.4937892,-37.81896166666667,144.9501855,-37.81965233333333,144.95068,-35.84156328,143.1362385,-35.96631476,143.3707744
-21718.5341232,-15602.1463126,-21775.9029728,-15559.8150431,195799.933688,-179852.581764,182389.302579,-158426.08696,-21718.5341232,-15602.1463126,-21787.5129693,-15555.0348047,195795.933688,-179852.581764,182392.302579,-158423.08696,11,18.204216718673706,1616662434.981878,-37.81896166666667,144.9501855,-37.819485,144.95065983333333,-35.84156328,143.1362385,-35.96631476,143.3707744
-21718.5341232,-15602.1463126,-21777.7574263,-15558.6526691,195799.933688,-179852.581764,182389.302579,-158426.08696,-21718.5341232,-15602.1463126,-21766.5069982,-15551.4149822,195808.933688,-179859.581764,182396.302579,-158422.08696,11,18.8330020904541,1616662473.2063963,-37.81896166666667,144.9501855,-37.81950116666667,144.9506735,-35.84156328,143.1362385,-35.96631476,143.3707744
-21718.5341232,-15602.1463126,-21769.8480685,-15547.0373573,195799.933688,-179852.581764,182389.302579,-158426.08696,-21718.5341232,-15602.1463126,-21781.3046523,-15556.1158435,195792.933688,-179853.581764,182383.302579,-158436.08696,11,18.337477922439575,1616662512.0582707,-37.81896166666667,144.9501855,-37.81942983333333,144.95080583333333,-35.84156328,143.1362385,-35.96631476,143.3707744
-21718.5341232,-15602.1463126,-21741.368672,-15525.2716996,195799.933688,-179852.581764,182389.302579,-158426.08696,-21718.5341232,-15602.1463126,-21762.5417063,-15523.3069567,195797.933688,-179854.581764,182387.302579,-158432.08696,11,18.71410298347473,1616662550.4183125,-37.81896166666667,144.9501855,-37.819171,144.951056,-35.84156328,143.1362385,-35.96631476,143.3707744
-21718.5341232,-15602.1463126,-21720.3584134,-15529.8699028,195799.933688,-179852.581764,182389.302579,-158426.08696,-21718.5341232,-15602.1463126,-21721.6658404,-15529.2461992,195797.933688,-179852.581764,182383.302579,-158422.08696,11,18.634668350219727,1616662589.135039,-37.81896166666667,144.9501855,-37.818979666666664,144.951006,-35.84156328,143.1362385,-35.96631476,143.3707744
-21718.5341232,-15602.1463126,-21743.6864032,-15528.5407536,195799.933688,-179852.581764,182389.302579,-158426.08696,-21718.5341232,-15602.1463126,-21737.0273466,-15540.923759,195800.933688,-179845.581764,182379.302579,-158429.08696,11,18.552403688430786,1616662627.775585,-37.81896166666667,144.9501855,-37.81918866666667,144.95102166666666,-35.84156328,143.1362385,-35.96631476,143.3707744
-21718.5341232,-15602.1463126,-21756.5592008,-15543.3781089,195799.933688,-179852.581764,182389.302579,-158426.08696,-21718.5341232,-15602.1463126,-21755.0213705,-15526.8096955,195796.933688,-179859.581764,182394.302579,-158423.08696,11,18.49271273612976,1616662666.3345647,-37.81896166666667,144.9501855,-37.81930333333333,144.95085383333333,-35.84156328,143.1362385,-35.96631476,143.3707744
-21718.5341232,-15602.1463126,-21763.2184895,-15547.6005852,195799.933688,-179852.581764,182389.302579,-158426.08696,-21718.5341232,-15602.1463126,-21755.1759745,-15554.0855264,195791.933688,-179854.581764,182392.302579,-158422.08696,11,18.894007682800293,1616662704.8498213,-37.81896166666667,144.9501855,-37.819363333333335,144.95080566666667,-35.84156328,143.1362385,-35.96631476,143.3707744
-21718.5341232,-15602.1463126,-21752.7825747,-15542.8278601,195799.933688,-179852.581764,182389.302579,-158426.08696,-21718.5341232,-15602.1463126,-21754.9992231,-15539.0622849,195802.933688,-179848.581764,182386.302579,-158425.08696,11,18.637433767318726,1616662743.7657785,-37.81896166666667,144.9501855,-37.8192695,144.95086,-35.84156328,143.1362385,-35.96631476,143.3707744
-21718.5341232,-15602.1463126,-21779.9974918,-15543.2234295,195799.933688,-179852.581764,182389.302579,-158426.08696,-21718.5341232,-15602.1463126,-21768.8297243,-15546.4538211,195791.933688,-179860.581764,182392.302579,-158423.08696,11,18.352147102355957,1616662782.4130628,-37.81896166666667,144.9501855,-37.819515333333335,144.95085433333333,-35.84156328,143.1362385,-35.96631476,143.3707744
-21718.5341232,-15602.1463126,-21785.1193229,-15543.2881728,195799.933688,-179852.581764,182389.302579,-158426.08696,-21718.5341232,-15602.1463126,-21793.1003794,-15535.5716138,195803.933688,-179848.581764,182385.302579,-158435.08696,11,18.790629386901855,1616662820.7799313,-37.81896166666667,144.9501855,-37.81956183333333,144.95085316666666,-35.84156328,143.1362385,-35.96631476,143.3707744
-21718.5341232,-15602.1463126,-21782.287977,-15535.7849577,195799.933688,-179852.581764,182389.302579,-158426.08696,-21718.5341232,-15602.1463126,-21787.2430632,-15543.5038373,195804.933688,-179858.581764,182398.302579,-158420.08696,11,18.66882586479187,1616662859.5847304,-37.81896166666667,144.9501855,-37.8195375,144.9509375,-35.84156328,143.1362385,-35.96631476,143.3707744
-21718.5341232,-15602.1463126,-21786.4802295,-15555.0174267,195799.933688,-179852.581764,182389.302579,-158426.08696,-21718.5341232,-15602.1463126,-21788.0022196,-15540.4683487,195794.933688,-179861.581764,182383.302579,-158426.08696,11,18.166802883148193,1616662898.27779,-37.81896166666667,144.9501855,-37.819574,144.95071983333332,-35.84156328,143.1362385,-35.96631476,143.3707744
-21718.5341232,-15602.1463126,-21791.016074,-15551.0777606,195799.933688,-179852.581764,182389.302579,-158426.08696,-21718.5341232,-15602.1463126,-21784.0830985,-15556.3210474,195797.933688,-179843.581764,182381.302579,-158423.08696,11,19.14195203781128,1616662936.4700093,-37.81896166666667,144.9501855,-37.81961416666667,144.95076516666666,-35.84156328,143.1362385,-35.96631476,143.3707744
-21718.5341232,-15602.1463126,-21792.2281649,-15545.1145581,195799.933688,-179852.581764,182389.302579,-158426.08696,-21718.5341232,-15602.1463126,-21788.9330207,-15551.7070997,195789.933688,-179860.581764,182381.302579,-158417.08696,11,18.681464672088623,1616662975.6209133,-37.81896166666667,144.9501855,-37.81962466666667,144.95083333333332,-35.84156328,143.1362385,-35.96631476,143.3707744
-21718.5341232,-15602.1463126,-21793.7823032,-15548.8606134,195799.933688,-179852.581764,182389.302579,-158426.08696,-21718.5341232,-15602.1463126,-21790.8315926,-15542.4477264,195789.933688,-179845.581764,182388.302579,-158420.08696,11,18.356430053710938,1616663014.3217666,-37.81896166666667,144.9501855,-37.81963833333333,144.950791,-35.84156328,143.1362385,-35.96631476,143.3707744
-21718.5341232,-15602.1463126,-21793.9294465,-15550.1846351,195799.933688,-179852.581764,182389.302579,-158426.08696,-21718.5341232,-15602.1463126,-21794.8601763,-15558.9086704,195805.933688,-179860.581764,182390.302579,-158434.08696,11,18.70653772354126,1616663052.6847277,-37.81896166666667,144.9501855,-37.81964033333333,144.95077533333333,-35.84156328,143.1362385,-35.96631476,143.3707744
-21718.5341232,-15602.1463126,-21783.8006214,-15555.8671931,195799.933688,-179852.581764,182389.302579,-158426.08696,-21718.5341232,-15602.1463126,-21799.2027985,-15553.7959118,195799.933688,-179848.581764,182389.302579,-158436.08696,11,18.790470123291016,1616663091.4138393,-37.81896166666667,144.9501855,-37.819549,144.950711,-35.84156328,143.1362385,-35.96631476,143.3707744
-21718.5341232,-15602.1463126,-21776.980933,-15563.3767171,195799.933688,-179852.581764,182389.302579,-158426.08696,-21718.5341232,-15602.1463126,-21780.4008408,-15562.6345904,195789.933688,-179847.581764,182396.302579,-158431.08696,11,18.662471294403076,1616663130.2257814,-37.81896166666667,144.9501855,-37.81948783333333,144.9506255,-35.84156328,143.1362385,-35.96631476,143.3707744
-21718.5341232,-15602.1463126,-21769.9027483,-15570.5249897,195799.933688,-179852.581764,182389.302579,-158426.08696,-21718.5341232,-15602.1463126,-21765.3457417,-15575.9690107,195791.933688,-179856.581764,182385.302579,-158420.08696,11,18.674859523773193,1616663168.9049048,-37.81896166666667,144.9501855,-37.819424833333336,144.95054366666668,-35.84156328,143.1362385,-35.96631476,143.3707744
-21718.5341232,-15602.1463126,-21784.3371819,-15551.3699615,195799.933688,-179852.581764,182389.302579,-158426.08696,-21718.5341232,-15602.1463126,-21775.3372837,-15562.8294297,195801.933688,-179848.581764,182379.302579,-158430.08696,11,18.69874668121338,1616663207.6017966,-37.81896166666667,144.9501855,-37.81955583333333,144.95076033333333,-35.84156328,143.1362385,-35.96631476,143.3707744
-21718.5341232,-15602.1463126,-21794.2716892,-15536.8720947,195799.933688,-179852.581764,182389.302579,-158426.08696,-21718.5341232,-15602.1463126,-21790.3455998,-15551.5781232,195799.933688,-179857.581764,182388.302579,-158426.08696,11,18.825030088424683,1616663246.321763,-37.81896166666667,144.9501855,-37.819647,144.9509235,-35.84156328,143.1362385,-35.96631476,143.3707744
-21718.5341232,-15602.1463126,-21769.2858034,-15557.5014993,195799.933688,-179852.581764,182389.302579,-158426.08696,-21718.5341232,-15602.1463126,-21787.3567196,-15540.3313468,195804.933688,-179857.581764,182386.302579,-158431.08696,11,18.83578372001648,1616663285.1616755,-37.81896166666667,144.9501855,-37.819422,144.95068933333334,-35.84156328,143.1362385,-35.96631476,143.3707744
-21718.5341232,-15602.1463126,-21782.4066957,-15546.8962357,195799.933688,-179852.581764,182389.302579,-158426.08696,-21718.5341232,-15602.1463126,-21755.8352665,-15569.8967925,195799.933688,-179846.581764,182383.302579,-158432.08696,11,18.629204034805298,1616663324.0177975,-37.81896166666667,144.9501855,-37.8195415,144.9508085,-35.84156328,143.1362385,-35.96631476,143.3707744
-21718.5341232,-15602.1463126,-21773.0474089,-15556.892082,195799.933688,-179852.581764,182389.302579,-158426.08696,-21718.5341232,-15602.1463126,-21789.8469503,-15554.1562448,195790.933688,-179843.581764,182390.302579,-158431.08696,11,18.70771360397339,1616663362.6553018,-37.81896166666667,144.9501855,-37.819456833333334,144.95069533333333,-35.84156328,143.1362385,-35.96631476,143.3707744
-21718.5341232,-15602.1463126,-21774.672177,-15545.9803847,195799.933688,-179852.581764,182389.302579,-158426.08696,-21718.5341232,-15602.1463126,-21778.2438163,-15559.215514,195801.933688,-179843.581764,182395.302579,-158417.08696,11,18.476105213165283,1616663401.3953202,-37.81896166666667,144.9501855,-37.819472833333336,144.95081816666666,-35.84156328,143.1362385,-35.96631476,143.3707744
-21718.5341232,-15602.1463126,-21769.8004767,-15541.8097454,195799.933688,-179852.581764,182389.302579,-158426.08696,-21718.5341232,-15602.1463126,-21769.0504311,-15539.2008378,195790.933688,-179844.581764,182388.302579,-158423.08696,11,18.882584810256958,1616663439.8937619,-37.81896166666667,144.9501855,-37.819429166666666,144.9508655,-35.84156328,143.1362385,-35.96631476,143.3707744
-21718.5341232,-15602.1463126,-21780.3124232,-15532.6952292,195799.933688,-179852.581764,182389.302579,-158426.08696,-21718.5341232,-15602.1463126,-21766.8495986,-15544.270146,195791.933688,-179851.581764,182379.302579,-158431.08696,11,18.503551483154297,1616663478.796367,-37.81896166666667,144.9501855,-37.81952416666667,144.95096866666665,-35.84156328,143.1362385,-35.96631476,143.3707744
-21718.5341232,-15602.1463126,-21783.7658369,-15523.513382,195799.933688,-179852.581764,182389.302579,-158426.08696,-21718.5341232,-15602.1463126,-21792.0099789,-15527.8225688,195801.933688,-179849.581764,182397.302579,-158430.08696,11,18.54536247253418,1616663517.3217826,-37.81896166666667,144.9501855,-37.819555666666666,144.95107266666668,-35.84156328,143.1362385,-35.96631476,143.3707744
-21718.5341232,-15602.1463126,-21775.1071828,-15518.3571401,195799.933688,-179852.581764,182389.302579,-158426.08696,-21718.5341232,-15602.1463126,-21769.6380013,-15530.9839201,195806.933688,-179843.581764,182389.302579,-158435.08696,11,18.60649871826172,1616663555.8893213,-37.81896166666667,144.9501855,-37.81947783333333,144.95113133333334,-35.84156328,143.1362385,-35.96631476,143.3707744
-21718.5341232,-15602.1463126,-21794.5547426,-15512.3650753,195799.933688,-179852.581764,182389.302579,-158426.08696,-21718.5341232,-15602.1463126,-21786.6382535,-15511.098792,195802.933688,-179858.581764,182397.302579,-158430.08696,11,18.81249451637268,1616663594.5218258,-37.81896166666667,144.9501855,-37.819652,144.9512,-35.84156328,143.1362385,-35.96631476,143.3707744
-21718.5341232,-15602.1463126,-21814.0478679,-15493.6479212,195799.933688,-179852.581764,182389.302579,-158426.08696,-21718.5341232,-15602.1463126,-21805.0421823,-15500.3370105,195791.933688,-179850.581764,182396.302579,-158428.08696,11,18.794987440109253,1616663633.361838,-37.81896166666667,144.9501855,-37.819827,144.951413,-35.84156328,143.1362385,-35.96631476,143.3707744
-21718.5341232,-15602.1463126,-21811.725143,-15508.237071,195799.933688,-179852.581764,182389.302579,-158426.08696,-21718.5341232,-15602.1463126,-21822.0285906,-15504.2693064,195798.933688,-179852.581764,182383.302579,-158422.08696,11,18.917076587677002,1616663672.1777816,-37.81896166666667,144.9501855,-37.81980566666667,144.9512475,-35.84156328,143.1362385,-35.96631476,143.3707744
-21718.5341232,-15602.1463126,-21794.5449948,-15518.1293096,195799.933688,-179852.581764,182389.302579,-158426.08696,-21718.5341232,-15602.1463126,-21796.4022796,-15508.2892802,195793.933688,-179859.581764,182392.302579,-158421.08696,11,18.802016973495483,1616663711.1137884,-37.81896166666667,144.9501855,-37.819651666666665,144.95113466666666,-35.84156328,143.1362385,-35.96631476,143.3707744
-21718.5341232,-15602.1463126,-21804.9380169,-15508.2094209,195799.933688,-179852.581764,182389.302579,-158426.08696,-21718.5341232,-15602.1463126,-21784.3138202,-15527.4937417,195806.933688,-179860.581764,182388.302579,-158436.08696,11,18.906179904937744,1616663749.9377763,-37.81896166666667,144.9501855,-37.819746333333335,144.95124633333333,-35.84156328,143.1362385,-35.96631476,143.3707744
-21718.5341232,-15602.1463126,-21811.9737714,-15492.4739462,195799.933688,-179852.581764,182389.302579,-158426.08696,-21718.5341232,-15602.1463126,-21811.365858,-15507.4219583,195791.933688,-179849.581764,182384.302579,-158422.08696,11,18.614243745803833,1616663788.8737667,-37.81896166666667,144.9501855,-37.8198095,144.95142533333333,-35.84156328,143.1362385,-35.96631476,143.3707744
-21718.5341232,-15602.1463126,-21839.8158355,-15463.6036415,195799.933688,-179852.581764,182389.302579,-158426.08696,-21718.5341232,-15602.1463126,-21832.0035617,-15469.6667337,195796.933688,-179857.581764,182381.302579,-158420.08696,11,18.90004849433899,1616663827.5104756,-37.81896166666667,144.9501855,-37.820059666666666,144.95175366666666,-35.84156328,143.1362385,-35.96631476,143.3707744
-21718.5341232,-15602.1463126,-21842.567268,-15467.5178857,195799.933688,-179852.581764,182389.302579,-158426.08696,-21718.5341232,-15602.1463126,-21849.8761895,-15465.9339942,195798.933688,-179850.581764,182393.302579,-158428.08696,11,18.608413696289062,1616663866.4189928,-37.81896166666667,144.9501855,-37.820084,144.9517095,-35.84156328,143.1362385,-35.96631476,143.3707744
-21718.5341232,-15602.1463126,-21839.5784384,-15467.8107911,195799.933688,-179852.581764,182389.302579,-158426.08696,-21718.5341232,-15602.1463126,-21852.0731327,-15473.2773247,195804.933688,-179846.581764,182394.302579,-158427.08696,11,18.78349280357361,1616663905.0437863,-37.81896166666667,144.9501855,-37.82005733333333,144.951706,-35.84156328,143.1362385,-35.96631476,143.3707744
-21718.5341232,-15602.1463126,-21814.5934711,-15471.0903183,195799.933688,-179852.581764,182389.302579,-158426.08696,-21718.5341232,-15602.1463126,-21829.5697094,-15470.8639468,195791.933688,-179843.581764,182387.302579,-158429.08696,11,18.80457043647766,1616663943.8548038,-37.81896166666667,144.9501855,-37.8198325,144.951669,-35.84156328,143.1362385,-35.96631476,143.3707744
-21718.5341232,-15602.1463126,-21819.779778,-15476.4019838,195799.933688,-179852.581764,182389.302579,-158426.08696,-21718.5341232,-15602.1463126,-21822.7457489,-15465.6017167,195797.933688,-179857.581764,182394.302579,-158425.08696,11,18.86385464668274,1616663982.6803024,-37.81896166666667,144.9501855,-37.819878833333334,144.95160883333332,-35.84156328,143.1362385,-35.96631476,143.3707744
-21718.5341232,-15602.1463126,-21811.8657714,-15486.0295025,195799.933688,-179852.581764,182389.302579,-158426.08696,-21718.5341232,-15602.1463126,-21809.0118963,-15474.705486,195798.933688,-179859.581764,182396.302579,-158430.08696,11,18.853529930114746,1616664021.5632968,-37.81896166666667,144.9501855,-37.81980866666667,144.9514985,-35.84156328,143.1362385,-35.96631476,143.3707744
-21718.5341232,-15602.1463126,-21818.2447007,-15474.7777157,195799.933688,-179852.581764,182389.302579,-158426.08696,-21718.5341232,-15602.1463126,-21819.7440873,-15478.2387924,195796.933688,-179849.581764,182390.302579,-158430.08696,11,18.979180097579956,1616664060.4272122,-37.81896166666667,144.9501855,-37.8198665,144.951626,-35.84156328,143.1362385,-35.96631476,143.3707744
-21718.5341232,-15602.1463126,-21840.4397348,-15464.8100836,195799.933688,-179852.581764,182389.302579,-158426.08696,-21718.5341232,-15602.1463126,-21820.6855875,-15479.221025,195791.933688,-179850.581764,182397.302579,-158426.08696,11,18.836475372314453,1616664099.4240355,-37.81896166666667,144.9501855,-37.82006633333334,144.951739,-35.84156328,143.1362385,-35.96631476,143.3707744
-21718.5341232,-15602.1463126,-21817.0792387,-15471.6552051,195799.933688,-179852.581764,182389.302579,-158426.08696,-21718.5341232,-15602.1463126,-21838.8661882,-15464.3481378,195806.933688,-179857.581764,182385.302579,-158430.08696,11,18.777621269226074,1616664138.2868373,-37.81896166666667,144.9501855,-37.81985566666667,144.95166183333333,-35.84156328,143.1362385,-35.96631476,143.3707744
-21718.5341232,-15602.1463126,-21837.7983233,-15465.148136,195799.933688,-179852.581764,182389.302579,-158426.08696,-21718.5341232,-15602.1463126,-21817.8479705,-15482.2322925,195791.933688,-179861.581764,182381.302579,-158420.08696,11,18.897289752960205,1616664177.1018083,-37.81896166666667,144.9501855,-37.82004333333333,144.9517345,-35.84156328,143.1362385,-35.96631476,143.3707744
-21718.5341232,-15602.1463126,-21837.5819841,-15454.6866965,195799.933688,-179852.581764,182389.302579,-158426.08696,-21718.5341232,-15602.1463126,-21855.3601359,-15457.2968798,195789.933688,-179845.581764,182384.302579,-158421.08696,11,18.989370822906494,1616664216.0258322,-37.81896166666667,144.9501855,-37.820042666666666,144.95185233333333,-35.84156328,143.1362385,-35.96631476,143.3707744
-21718.5341232,-15602.1463126,-21826.2433856,-15451.4946317,195799.933688,-179852.581764,182389.302579,-158426.08696,-21718.5341232,-15602.1463126,-21825.9440495,-15449.6011939,195807.933688,-179854.581764,182392.302579,-158417.08696,11,19.01103949546814,1616664255.0338123,-37.81896166666667,144.9501855,-37.81994,144.95188933333333,-35.84156328,143.1362385,-35.96631476,143.3707744
-21718.5341232,-15602.1463126,-21815.7144908,-15479.1982032,195799.933688,-179852.581764,182389.302579,-158426.08696,-21718.5341232,-15602.1463126,-21821.4415949,-15468.820018,195796.933688,-179848.581764,182390.302579,-158426.08696,11,18.940286874771118,1616664294.06583,-37.81896166666667,144.9501855,-37.81984383333333,144.95157566666666,-35.84156328,143.1362385,-35.96631476,143.3707744
-21718.5341232,-15602.1463126,-21796.4421024,-15481.3080084,195799.933688,-179852.581764,182389.302579,-158426.08696,-21718.5341232,-15602.1463126,-21793.7474586,-15486.500493,195793.933688,-179853.581764,182389.302579,-158428.08696,11,18.980313539505005,1616664333.0261292,-37.81896166666667,144.9501855,-37.81967066666667,144.95155166666666,-35.84156328,143.1362385,-35.96631476,143.3707744
-21718.5341232,-15602.1463126,-21827.4436055,-15454.9102152,195799.933688,-179852.581764,182389.302579,-158426.08696,-21718.5341232,-15602.1463126,-21826.1784627,-15463.3796045,195795.933688,-179852.581764,182396.302579,-158422.08696,11,18.717331171035767,1616664372.029814,-37.81896166666667,144.9501855,-37.819951333333336,144.95185,-35.84156328,143.1362385,-35.96631476,143.3707744
-21718.5341232,-15602.1463126,-21807.907996,-15446.1061134,195799.933688,-179852.581764,182389.302579,-158426.08696,-21718.5341232,-15602.1463126,-21811.0434254,-15455.1150755,195796.933688,-179843.581764,182391.302579,-158436.08696,11,18.83125615119934,1616664410.7629025,-37.81896166666667,144.9501855,-37.819775,144.95195083333334,-35.84156328,143.1362385,-35.96631476,143.3707744
-21718.5341232,-15602.1463126,-21821.546324,-15444.8804578,195799.933688,-179852.581764,182389.302579,-158426.08696,-21718.5341232,-15602.1463126,-21809.2756532,-15456.3473216,195790.933688,-179854.581764,182383.302579,-158431.08696,11,18.636420965194702,1616664449.615413,-37.81896166666667,144.9501855,-37.81989766666667,144.95196466666667,-35.84156328,143.1362385,-35.96631476,143.3707744
-21718.5341232,-15602.1463126,-21817.39122,-15464.469593,195799.933688,-179852.581764,182389.302579,-158426.08696,-21718.5341232,-15602.1463126,-21832.4471127,-15443.2179557,195794.933688,-179857.581764,182387.302579,-158422.08696,11,19.091540575027466,1616664488.2740824,-37.81896166666667,144.9501855,-37.81985983333333,144.95174233333333,-35.84156328,143.1362385,-35.96631476,143.3707744
-21718.5341232,-15602.1463126,-21823.9404441,-15476.6608128,195799.933688,-179852.581764,182389.302579,-158426.08696,-21718.5341232,-15602.1463126,-21820.449549,-15476.1254535,195793.933688,-179848.581764,182390.302579,-158427.08696,11,18.99069833755493,1616664527.3713086,-37.81896166666667,144.9501855,-37.819918333333334,144.951604,-35.84156328,143.1362385,-35.96631476,143.3707744
-21718.5341232,-15602.1463126,-21823.9313413,-15484.0761145,195799.933688,-179852.581764,182389.302579,-158426.08696,-21718.5341232,-15602.1463126,-21819.3038321,-15484.9027104,195803.933688,-179848.581764,182381.302579,-158426.08696,11,19.28189492225647,1616664566.3818076,-37.81896166666667,144.9501855,-37.819919,144.951519,-35.84156328,143.1362385,-35.96631476,143.3707744
-21718.5341232,-15602.1463126,-21833.7687024,-15481.5356054,195799.933688,-179852.581764,182389.302579,-158426.08696,-21718.5341232,-15602.1463126,-21842.0776565,-15488.1620728,195789.933688,-179856.581764,182379.302579,-158423.08696,11,18.911057710647583,1616664605.6858125,-37.81896166666667,144.9501855,-37.820007833333335,144.9515475,-35.84156328,143.1362385,-35.96631476,143.3707744
-21718.5341232,-15602.1463126,-21793.4767286,-15510.8660945,195799.933688,-179852.581764,182389.302579,-158426.08696,-21718.5341232,-15602.1463126,-21826.1386849,-15498.46531,195799.933688,-179845.581764,182380.302579,-158432.08696,11,18.644124746322632,1616664644.6021185,-37.81896166666667,144.9501855,-37.819643666666664,144.95121583333332,-35.84156328,143.1362385,-35.96631476,143.3707744
-21718.5341232,-15602.1463126,-21787.5934247,-15522.1261808,195799.933688,-179852.581764,182389.302579,-158426.08696,-21718.5341232,-15602.1463126,-21782.2122714,-15519.8363179,195803.933688,-179862.581764,182381.302579,-158425.08696,11,18.85532546043396,1616664683.2658274,-37.81896166666667,144.9501855,-37.81959166666667,144.951087,-35.84156328,143.1362385,-35.96631476,143.3707744
-21718.5341232,-15602.1463126,-21789.7023684,-15528.8680316,195799.933688,-179852.581764,182389.302579,-158426.08696,-21718.5341232,-15602.1463126,-21774.3052086,-15542.001073,195807.933688,-179853.581764,182393.302579,-158421.08696,11,18.779959678649902,1616664722.1425192,-37.81896166666667,144.9501855,-37.81961116666667,144.95100983333333,-35.84156328,143.1362385,-35.96631476,143.3707744
-21718.5341232,-15602.1463126,-21786.8701189,-15535.97241,195799.933688,-179852.581764,182389.302579,-158426.08696,-21718.5341232,-15602.1463126,-21793.2047854,-15520.1085887,195797.933688,-179844.581764,182394.302579,-158417.08696,11,18.787935733795166,1616664760.9418895,-37.81896166666667,144.9501855,-37.8195865,144.95092833333334,-35.84156328,143.1362385,-35.96631476,143.3707744
-21718.5341232,-15602.1463126,-21764.2394363,-15558.4982209,195799.933688,-179852.581764,182389.302579,-158426.08696,-21718.5341232,-15602.1463126,-21769.9101382,-15544.0346278,195803.933688,-179851.581764,182394.302579,-158431.08696,11,18.75905442237854,1616664799.749813,-37.81896166666667,144.9501855,-37.81938183333333,144.95067333333333,-35.84156328,143.1362385,-35.96631476,143.3707744
-21718.5341232,-15602.1463126,-21784.9077865,-15545.0171072,195799.933688,-179852.581764,182389.302579,-158426.08696,-21718.5341232,-15602.1463126,-21782.7126492,-15546.7603049,195791.933688,-179844.581764,182395.302579,-158436.08696,11,18.98125433921814,1616664838.5298371,-37.81896166666667,144.9501855,-37.819568833333335,144.9508255,-35.84156328,143.1362385,-35.96631476,143.3707744
-21718.5341232,-15602.1463126,-21794.0749487,-15526.0760465,195799.933688,-179852.581764,182389.302579,-158426.08696,-21718.5341232,-15602.1463126,-21784.8043911,-15533.2618162,195793.933688,-179852.581764,182389.302579,-158425.08696,11,18.938582181930542,1616664877.5298376,-37.81896166666667,144.9501855,-37.819651666666665,144.9510405,-35.84156328,143.1362385,-35.96631476,143.3707744
-21718.5341232,-15602.1463126,-21798.7236031,-15513.5089073,195799.933688,-179852.581764,182389.302579,-158426.08696,-21718.5341232,-15602.1463126,-21795.4328726,-15525.5985652,195789.933688,-179855.581764,182394.302579,-158428.08696,11,18.931663274765015,1616664916.4874759,-37.81896166666667,144.9501855,-37.81969316666667,144.95118366666668,-35.84156328,143.1362385,-35.96631476,143.3707744
-21718.5341232,-15602.1463126,-21812.1300367,-15498.8775087,195799.933688,-179852.581764,182389.302579,-158426.08696,-21718.5341232,-15602.1463126,-21821.7088792,-15498.8483595,195789.933688,-179843.581764,182398.302579,-158431.08696,11,18.96793246269226,1616664955.4383981,-37.81896166666667,144.9501855,-37.819813333333336,144.95135033333332,-35.84156328,143.1362385,-35.96631476,143.3707744
-21718.5341232,-15602.1463126,-21778.559533,-15522.5606428,195799.933688,-179852.581764,182389.302579,-158426.08696,-21718.5341232,-15602.1463126,-21793.3450326,-15507.5436169,195799.933688,-179851.581764,182391.302579,-158419.08696,11,19.052655458450317,1616664994.414059,-37.81896166666667,144.9501855,-37.81951,144.9510825,-35.84156328,143.1362385,-35.96631476,143.3707744
-21718.5341232,-15602.1463126,-21762.5533246,-15538.1203565,195799.933688,-179852.581764,182389.302579,-158426.08696,-21718.5341232,-15602.1463126,-21769.7507724,-15529.5006735,195801.933688,-179857.581764,182383.302579,-158428.08696,11,18.888663053512573,1616665033.4902194,-37.81896166666667,144.9501855,-37.81936566666667,144.950906,-35.84156328,143.1362385,-35.96631476,143.3707744
-21718.5341232,-15602.1463126,-21743.7457091,-15554.7097686,195799.933688,-179852.581764,182389.302579,-158426.08696,-21718.5341232,-15602.1463126,-21747.7503969,-15556.9711908,195799.933688,-179844.581764,182382.302579,-158434.08696,11,19.154675006866455,1616665072.3998861,-37.81896166666667,144.9501855,-37.81919666666667,144.95071733333333,-35.84156328,143.1362385,-35.96631476,143.3707744
-21718.5341232,-15602.1463126,-21751.1199484,-15563.6158227,195799.933688,-179852.581764,182389.302579,-158426.08696,-21718.5341232,-15602.1463126,-21744.5592431,-15567.1206647,195801.933688,-179848.581764,182386.302579,-158426.08696,11,19.301820039749146,1616665111.577803,-37.81896166666667,144.9501855,-37.819263166666666,144.95061583333333,-35.84156328,143.1362385,-35.96631476,143.3707744
-21718.5341232,-15602.1463126,-21791.3378999,-15531.9568603,195799.933688,-179852.581764,182389.302579,-158426.08696,-21718.5341232,-15602.1463126,-21771.8346326,-15557.7488893,195790.933688,-179856.581764,182396.302579,-158427.08696,11,18.819177627563477,1616665150.9102857,-37.81896166666667,144.9501855,-37.81962683333333,144.95097383333334,-35.84156328,143.1362385,-35.96631476,143.3707744
-21718.5341232,-15602.1463126,-21798.6799204,-15539.4595416,195799.933688,-179852.581764,182389.302579,-158426.08696,-21718.5341232,-15602.1463126,-21787.6612994,-15534.5155741,195798.933688,-179845.581764,182395.302579,-158429.08696,11,18.65939998626709,1616665189.7520132,-37.81896166666667,144.9501855,-37.819693,144.95088833333332,-35.84156328,143.1362385,-35.96631476,143.3707744
-21718.5341232,-15602.1463126,-21805.6722455,-15495.6273964,195799.933688,-179852.581764,182389.302579,-158426.08696,-21718.5341232,-15602.1463126,-21809.8322483,-15506.6383811,195798.933688,-179857.581764,182385.302579,-158424.08696,11,19.185680627822876,1616665228.4297774,-37.81896166666667,144.9501855,-37.819754333333336,144.95138816666667,-35.84156328,143.1362385,-35.96631476,143.3707744
-21718.5341232,-15602.1463126,-21780.2730145,-15506.4608312,195799.933688,-179852.581764,182389.302579,-158426.08696,-21718.5341232,-15602.1463126,-21781.3790009,-15509.2560712,195803.933688,-179857.581764,182394.302579,-158420.08696,11,19.079894304275513,1616665267.6377618,-37.81896166666667,144.9501855,-37.819523833333335,144.951267,-35.84156328,143.1362385,-35.96631476,143.3707744
-21718.5341232,-15602.1463126,-21738.3543448,-15521.2992111,195799.933688,-179852.581764,182389.302579,-158426.08696,-21718.5341232,-15602.1463126,-21763.8288737,-15531.4325776,195805.933688,-179861.581764,182381.302579,-158427.08696,11,19.343725204467773,1616665306.750067,-37.81896166666667,144.9501855,-37.819144666666666,144.9511005,-35.84156328,143.1362385,-35.96631476,143.3707744
-21718.5341232,-15602.1463126,-21758.7985947,-15523.5692214,195799.933688,-179852.581764,182389.302579,-158426.08696,-21718.5341232,-15602.1463126,-21736.1812885,-15518.1194857,195803.933688,-179845.581764,182381.302579,-158429.08696,11,18.83961582183838,1616665346.1140037,-37.81896166666667,144.9501855,-37.81932783333333,144.95107516666667,-35.84156328,143.1362385,-35.96631476,143.3707744
-21718.5341232,-15602.1463126,-21753.1354072,-15516.8645405,195799.933688,-179852.581764,182389.302579,-158426.08696,-21718.5341232,-15602.1463126,-21756.0307407,-15519.8741495,195792.933688,-179857.581764,182388.302579,-158424.08696,11,19.173079013824463,1616665384.9738457,-37.81896166666667,144.9501855,-37.81927666666667,144.95115166666668,-35.84156328,143.1362385,-35.96631476,143.3707744
-21718.5341232,-15602.1463126,-21758.1947088,-15511.3012757,195799.933688,-179852.581764,182389.302579,-158426.08696,-21718.5341232,-15602.1463126,-21757.305283,-15516.1130044,195808.933688,-179848.581764,182397.302579,-158432.08696,11,19.097474098205566,1616665424.1697876,-37.81896166666667,144.9501855,-37.81932316666666,144.951214,-35.84156328,143.1362385,-35.96631476,143.3707744
-21718.5341232,-15602.1463126,-21762.0897376,-15504.5025941,195799.933688,-179852.581764,182389.302579,-158426.08696,-21718.5341232,-15602.1463126,-21772.7869677,-15510.6740037,195807.933688,-179849.581764,182394.302579,-158418.08696,11,18.899028539657593,1616665463.2858183,-37.81896166666667,144.9501855,-37.819358333333334,144.95129116666666,-35.84156328,143.1362385,-35.96631476,143.3707744
-21718.5341232,-15602.1463126,-21762.2936682,-15527.3062106,195799.933688,-179852.581764,182389.302579,-158426.08696,-21718.5341232,-15602.1463126,-21752.7586644,-15519.3026688,195807.933688,-179858.581764,182383.302579,-158425.08696,11,19.285629749298096,1616665502.1882923,-37.81896166666667,144.9501855,-37.81936016666667,144.95103183333333,-35.84156328,143.1362385,-35.96631476,143.3707744
-21718.5341232,-15602.1463126,-21770.3208347,-15540.9970816,195799.933688,-179852.581764,182389.302579,-158426.08696,-21718.5341232,-15602.1463126,-21766.4246229,-15533.3577429,195794.933688,-179859.581764,182380.302579,-158432.08696,11,18.943406105041504,1616665541.4942896,-37.81896166666667,144.9501855,-37.819433,144.9508755,-35.84156328,143.1362385,-35.96631476,143.3707744
-21718.5341232,-15602.1463126,-21774.9704639,-15527.2887206,195799.933688,-179852.581764,182389.302579,-158426.08696,-21718.5341232,-15602.1463126,-21788.9372711,-15539.9799321,195793.933688,-179853.581764,182392.302579,-158425.08696,11,18.957053899765015,1616665580.4514105,-37.81896166666667,144.9501855,-37.819474666666665,144.9510315,-35.84156328,143.1362385,-35.96631476,143.3707744
-21718.5341232,-15602.1463126,-21770.003786,-15514.0813772,195799.933688,-179852.581764,182389.302579,-158426.08696,-21718.5341232,-15602.1463126,-21766.5444158,-15514.2120994,195791.933688,-179853.581764,182393.302579,-158424.08696,11,19.286296606063843,1616665619.4287279,-37.81896166666667,144.9501855,-37.81942933333333,144.95118233333332,-35.84156328,143.1362385,-35.96631476,143.3707744
-21718.5341232,-15602.1463126,-21780.7632722,-15511.8224544,195799.933688,-179852.581764,182389.302579,-158426.08696,-21718.5341232,-15602.1463126,-21770.2269219,-15507.687455,195803.933688,-179850.581764,182379.302579,-158434.08696,11,19.09700918197632,1616665658.7338116,-37.81896166666667,144.9501855,-37.819525666666664,144.95120833333334,-35.84156328,143.1362385,-35.96631476,143.3707744
-21718.5341232,-15602.1463126,-21789.6965916,-15515.4459827,195799.933688,-179852.581764,182389.302579,-158426.08696,-21718.5341232,-15602.1463126,-21802.173435,-15510.4255413,195798.933688,-179862.581764,182384.302579,-158432.08696,11,18.99067449569702,1616665697.8497636,-37.81896166666667,144.9501855,-37.819605333333335,144.95116766666666,-35.84156328,143.1362385,-35.96631476,143.3707744
-21718.5341232,-15602.1463126,-21779.9677076,-15514.4367123,195799.933688,-179852.581764,182389.302579,-158426.08696,-21718.5341232,-15602.1463126,-21806.5873773,-15513.86362,195795.933688,-179844.581764,182398.302579,-158429.08696,11,19.140564441680908,1616665736.8601444,-37.81896166666667,144.9501855,-37.81951733333333,144.95117966666666,-35.84156328,143.1362385,-35.96631476,143.3707744
-21718.5341232,-15602.1463126,-21758.1349291,-15494.3695041,195799.933688,-179852.581764,182389.302579,-158426.08696,-21718.5341232,-15602.1463126,-21762.1865513,-15514.4703545,195791.933688,-179848.581764,182393.302579,-158435.08696,11,19.03713059425354,1616665776.025795,-37.81896166666667,144.9501855,-37.819320833333336,144.95140816666665,-35.84156328,143.1362385,-35.96631476,143.3707744
-21718.5341232,-15602.1463126,-21755.6665472,-15497.3612179,195799.933688,-179852.581764,182389.302579,-158426.08696,-21718.5341232,-15602.1463126,-21757.0606282,-15498.9197247,195807.933688,-179847.581764,182384.302579,-158435.08696,11,19.27219247817993,1616665815.077337,-37.81896166666667,144.9501855,-37.819299,144.95137383333332,-35.84156328,143.1362385,-35.96631476,143.3707744
-21718.5341232,-15602.1463126,-21777.37388,-15505.5621068,195799.933688,-179852.581764,182389.302579,-158426.08696,-21718.5341232,-15602.1463126,-21762.3998525,-15508.1167671,195795.933688,-179862.581764,182390.302579,-158431.08696,11,18.99937152862549,1616665854.367713,-37.81896166666667,144.9501855,-37.8194945,144.95128016666666,-35.84156328,143.1362385,-35.96631476,143.3707744
-21718.5341232,-15602.1463126,-21767.6651336,-15507.6447604,195799.933688,-179852.581764,182389.302579,-158426.08696,-21718.5341232,-15602.1463126,-21785.527957,-15511.6554397,195799.933688,-179849.581764,182384.302579,-158431.08696,11,19.37666153907776,1616665893.385857,-37.81896166666667,144.9501855,-37.8194065,144.95125716666666,-35.84156328,143.1362385,-35.96631476,143.3707744
-21718.5341232,-15602.1463126,-21760.815768,-15513.7935704,195799.933688,-179852.581764,182389.302579,-158426.08696,-21718.5341232,-15602.1463126,-21758.9162119,-15504.2104885,195799.933688,-179847.581764,182394.302579,-158425.08696,11,19.592433214187622,1616665932.7816586,-37.81896166666667,144.9501855,-37.819344666666666,144.9511875,-35.84156328,143.1362385,-35.96631476,143.3707744
-21718.5341232,-15602.1463126,-21769.7147007,-15516.9928177,195799.933688,-179852.581764,182389.302579,-158426.08696,-21718.5341232,-15602.1463126,-21774.8269237,-15520.4488033,195803.933688,-179861.581764,182398.302579,-158422.08696,11,19.41088104248047,1616665972.3937805,-37.81896166666667,144.9501855,-37.8194255,144.95115033333335,-35.84156328,143.1362385,-35.96631476,143.3707744
-21718.5341232,-15602.1463126,-21761.5692639,-15526.1212441,195799.933688,-179852.581764,182389.302579,-158426.08696,-21718.5341232,-15602.1463126,-21762.9450068,-15521.7992306,195799.933688,-179855.581764,182393.302579,-158433.08696,11,18.937409162521362,1616666011.8258097,-37.81896166666667,144.9501855,-37.819352333333335,144.9510465,-35.84156328,143.1362385,-35.96631476,143.3707744
-21718.5341232,-15602.1463126,-21775.3726915,-15520.205835,195799.933688,-179852.581764,182389.302579,-158426.08696,-21718.5341232,-15602.1463126,-21774.2066671,-15536.9927603,195799.933688,-179843.581764,182386.302579,-158423.08696,11,19.40778350830078,1616666050.78372,-37.81896166666667,144.9501855,-37.81947666666667,144.9511135,-35.84156328,143.1362385,-35.96631476,143.3707744
-21718.5341232,-15602.1463126,-21745.3471133,-15506.0927601,195799.933688,-179852.581764,182389.302579,-158426.08696,-21718.5341232,-15602.1463126,-21752.7721558,-15507.1681281,195799.933688,-179848.581764,182385.302579,-158436.08696,11,19.045854091644287,1616666090.2177866,-37.81896166666667,144.9501855,-37.8192065,144.95127433333334,-35.84156328,143.1362385,-35.96631476,143.3707744
-21718.5341232,-15602.1463126,-21731.7666704,-15487.7757326,195799.933688,-179852.581764,182389.302579,-158426.08696,-21718.5341232,-15602.1463126,-21732.0722912,-15500.4940115,195801.933688,-179856.581764,182388.302579,-158430.08696,11,19.15367031097412,1616666129.2773137,-37.81896166666667,144.9501855,-37.819085,144.95148216666666,-35.84156328,143.1362385,-35.96631476,143.3707744
-21718.5341232,-15602.1463126,-21731.3671726,-15486.125742,195799.933688,-179852.581764,182389.302579,-158426.08696,-21718.5341232,-15602.1463126,-21742.9228039,-15490.6729303,195789.933688,-179849.581764,182386.302579,-158435.08696,11,19.116323709487915,1616666168.4381847,-37.81896166666667,144.9501855,-37.81908133333334,144.951501,-35.84156328,143.1362385,-35.96631476,143.3707744
-21718.5341232,-15602.1463126,-21720.4403204,-15489.059933,195799.933688,-179852.581764,182389.302579,-158426.08696,-21718.5341232,-15602.1463126,-21712.7650039,-15485.0683109,195797.933688,-179860.581764,182381.302579,-158425.08696,11,19.455524682998657,1616666207.577305,-37.81896166666667,144.9501855,-37.81898366666667,144.95146716666667,-35.84156328,143.1362385,-35.96631476,143.3707744
-21718.5341232,-15602.1463126,-21742.4237832,-15473.2569037,195799.933688,-179852.581764,182389.302579,-158426.08696,-21718.5341232,-15602.1463126,-21732.5065305,-15472.7547352,195798.933688,-179847.581764,182382.302579,-158422.08696,11,19.789359092712402,1616666247.0539062,-37.81896166666667,144.9501855,-37.819182,144.95164616666668,-35.84156328,143.1362385,-35.96631476,143.3707744
-21718.5341232,-15602.1463126,-21738.6127247,-15470.5541606,195799.933688,-179852.581764,182389.302579,-158426.08696,-21718.5341232,-15602.1463126,-21753.194364,-15466.6169456,195806.933688,-179844.581764,182394.302579,-158430.08696,11,19.34315776824951,1616666286.8617852,-37.81896166666667,144.9501855,-37.81914783333333,144.95167683333332,-35.84156328,143.1362385,-35.96631476,143.3707744
-21718.5341232,-15602.1463126,-21739.7222223,-15472.578733,195799.933688,-179852.581764,182389.302579,-158426.08696,-21718.5341232,-15602.1463126,-21742.6293809,-15471.671156,195806.933688,-179854.581764,182381.302579,-158431.08696,11,19.306787729263306,1616666326.2298212,-37.81896166666667,144.9501855,-37.819158333333334,144.95165333333333,-35.84156328,143.1362385,-35.96631476,143.3707744
-21718.5341232,-15602.1463126,-21745.8036244,-15485.8006804,195799.933688,-179852.581764,182389.302579,-158426.08696,-21718.5341232,-15602.1463126,-21746.5628957,-15493.2459953,195805.933688,-179849.581764,182396.302579,-158436.08696,11,19.67980933189392,1616666365.5577812,-37.81896166666667,144.9501855,-37.819213500000004,144.9515025,-35.84156328,143.1362385,-35.96631476,143.3707744
-21718.5341232,-15602.1463126,-21743.3487579,-15488.6143753,195799.933688,-179852.581764,182389.302579,-158426.08696,-21718.5341232,-15602.1463126,-21755.6609679,-15487.8431748,195805.933688,-179847.581764,182383.302579,-158419.08696,11,18.859467029571533,1616666405.241477,-37.81896166666667,144.9501855,-37.819192,144.95147,-35.84156328,143.1362385,-35.96631476,143.3707744
-21718.5341232,-15602.1463126,-21752.7713485,-15496.1987369,195799.933688,-179852.581764,182389.302579,-158426.08696,-21718.5341232,-15602.1463126,-21742.0957942,-15503.766116,195808.933688,-179859.581764,182397.302579,-158419.08696,11,19.5014808177948,1616666444.1234217,-37.81896166666667,144.9501855,-37.8192775,144.951383,-35.84156328,143.1362385,-35.96631476,143.3707744
-21718.5341232,-15602.1463126,-21740.4541781,-15497.8801854,195799.933688,-179852.581764,182389.302579,-158426.08696,-21718.5341232,-15602.1463126,-21751.8420897,-15490.971617,195798.933688,-179845.581764,182385.302579,-158425.08696,11,19.218338012695312,1616666483.6468382,-37.81896166666667,144.9501855,-37.8191665,144.95136416666668,-35.84156328,143.1362385,-35.96631476,143.3707744
-21718.5341232,-15602.1463126,-21750.7086891,-15490.5244657,195799.933688,-179852.581764,182389.302579,-158426.08696,-21718.5341232,-15602.1463126,-21748.3261773,-15501.4396616,195800.933688,-179849.581764,182383.302579,-158430.08696,11,19.59384250640869,1616666522.8937984,-37.81896166666667,144.9501855,-37.819259,144.9514475,-35.84156328,143.1362385,-35.96631476,143.3707744
-21718.5341232,-15602.1463126,-21756.8909435,-15480.1996415,195799.933688,-179852.581764,182389.302579,-158426.08696,-21718.5341232,-15602.1463126,-21753.5822431,-15487.7765782,195800.933688,-179848.581764,182379.302579,-158436.08696,11,19.049787521362305,1616666562.509069,-37.81896166666667,144.9501855,-37.81931483333334,144.95156466666666,-35.84156328,143.1362385,-35.96631476,143.3707744
-21718.5341232,-15602.1463126,-21755.0233972,-15490.6544162,195799.933688,-179852.581764,182389.302579,-158426.08696,-21718.5341232,-15602.1463126,-21744.2767897,-15490.3660157,195789.933688,-179855.581764,182381.302579,-158430.08696,11,19.318796634674072,1616666601.5777936,-37.81896166666667,144.9501855,-37.81929816666667,144.95144566666667,-35.84156328,143.1362385,-35.96631476,143.3707744
-21718.5341232,-15602.1463126,-21751.5451115,-15487.874627,195799.933688,-179852.581764,182389.302579,-158426.08696,-21718.5341232,-15602.1463126,-21755.4526813,-15484.448394,195794.933688,-179847.581764,182393.302579,-158434.08696,11,19.300549507141113,1616666640.920122,-37.81896166666667,144.9501855,-37.819266666666664,144.9514775,-35.84156328,143.1362385,-35.96631476,143.3707744
-21718.5341232,-15602.1463126,-21758.6447747,-15485.2483427,195799.933688,-179852.581764,182389.302579,-158426.08696,-21718.5341232,-15602.1463126,-21743.3413513,-15472.8884789,195803.933688,-179860.581764,182391.302579,-158422.08696,11,19.273915767669678,1616666680.2418213,-37.81896166666667,144.9501855,-37.8193305,144.95150733333332,-35.84156328,143.1362385,-35.96631476,143.3707744
-21718.5341232,-15602.1463126,-21762.360137,-15514.0411,195799.933688,-179852.581764,182389.302579,-158426.08696,-21718.5341232,-15602.1463126,-21772.6620901,-15507.7913496,195790.933688,-179851.581764,182398.302579,-158421.08696,11,19.37392258644104,1616666719.5324903,-37.81896166666667,144.9501855,-37.8193645,144.95117933333333,-35.84156328,143.1362385,-35.96631476,143.3707744
-21718.5341232,-15602.1463126,-21774.1630831,-15510.5066168,195799.933688,-179852.581764,182389.302579,-158426.08696,-21718.5341232,-15602.1463126,-21767.0319103,-15514.3837083,195791.933688,-179862.581764,182379.302579,-158418.08696,11,19.55431056022644,1616666758.925777,-37.81896166666667,144.9501855,-37.81947133333333,144.95121883333334,-35.84156328,143.1362385,-35.96631476,143.3707744
-21718.5341232,-15602.1463126,-21790.2972552,-15506.7136637,195799.933688,-179852.581764,182389.302579,-158426.08696,-21718.5341232,-15602.1463126,-21779.9396959,-15506.7144469,195807.933688,-179845.581764,182380.302579,-158429.08696,11,19.44720220565796,1616666798.5018108,-37.81896166666667,144.9501855,-37.819616833333335,144.9512615,-35.84156328,143.1362385,-35.96631476,143.3707744
-21718.5341232,-15602.1463126,-21785.8043264,-15512.7131364,195799.933688,-179852.581764,182389.302579,-158426.08696,-21718.5341232,-15602.1463126,-21783.8800335,-15508.7617021,195798.933688,-179844.581764,182388.302579,-158426.08696,11,19.147243976593018,1616666837.9723241,-37.81896166666667,144.9501855,-37.81957583333333,144.95119383333332,-35.84156328,143.1362385,-35.96631476,143.3707744
-21718.5341232,-15602.1463126,-21783.1467596,-15512.5643995,195799.933688,-179852.581764,182389.302579,-158426.08696,-21718.5341232,-15602.1463126,-21793.1086722,-15522.9274412,195793.933688,-179850.581764,182394.302579,-158425.08696,11,19.468332290649414,1616666877.12823,-37.81896166666667,144.9501855,-37.81955216666667,144.95119533333335,-35.84156328,143.1362385,-35.96631476,143.3707744
-21718.5341232,-15602.1463126,-21776.4807641,-15521.9881102,195799.933688,-179852.581764,182389.302579,-158426.08696,-21718.5341232,-15602.1463126,-21780.2227207,-15521.9251206,195798.933688,-179860.581764,182379.302579,-158430.08696,11,19.107013463974,1616666916.6177647,-37.81896166666667,144.9501855,-37.81949133333333,144.951089,-35.84156328,143.1362385,-35.96631476,143.3707744
-21718.5341232,-15602.1463126,-21768.6940637,-15523.6977903,195799.933688,-179852.581764,182389.302579,-158426.08696,-21718.5341232,-15602.1463126,-21760.6896415,-15521.096217,195798.933688,-179858.581764,182380.302579,-158429.08696,11,19.2850604057312,1616666955.7457902,-37.81896166666667,144.9501855,-37.8194205,144.95107033333332,-35.84156328,143.1362385,-35.96631476,143.3707744
-21718.5341232,-15602.1463126,-21773.4298327,-15539.3961628,195799.933688,-179852.581764,182389.302579,-158426.08696,-21718.5341232,-15602.1463126,-21771.0004983,-15540.5347564,195806.933688,-179857.581764,182391.302579,-158424.08696,11,19.252809762954712,1616666995.0477872,-37.81896166666667,144.9501855,-37.81946283333333,144.950892,-35.84156328,143.1362385,-35.96631476,143.3707744
-21718.5341232,-15602.1463126,-21763.647174,-15548.9442117,195799.933688,-179852.581764,182389.302579,-158426.08696,-21718.5341232,-15602.1463126,-21770.7965072,-15557.4124947,195790.933688,-179853.581764,182397.302579,-158421.08696,11,19.375887632369995,1616667034.321782,-37.81896166666667,144.9501855,-37.819374833333335,144.9507835,-35.84156328,143.1362385,-35.96631476,143.3707744
-21718.5341232,-15602.1463126,-21761.1108145,-15548.5826532,195799.933688,-179852.581764,182389.302579,-158426.08696,-21718.5341232,-15602.1463126,-21763.5729642,-15558.1019451,195797.933688,-179859.581764,182380.302579,-158422.08696,11,19.738472938537598,1616667073.7098136,-37.81896166666667,144.9501855,-37.81935216666667,144.9507875,-35.84156328,143.1362385,-35.96631476,143.3707744
-21718.5341232,-15602.1463126,-21753.9078866,-15548.0623334,195799.933688,-179852.581764,182389.302579,-158426.08696,-21718.5341232,-15602.1463126,-21765.107739,-15548.2579944,195800.933688,-179854.581764,182380.302579,-158424.08696,11,19.188987255096436,1616667113.4697793,-37.81896166666667,144.9501855,-37.81928716666667,144.95079366666667,-35.84156328,143.1362385,-35.96631476,143.3707744
-21718.5341232,-15602.1463126,-21760.4325662,-15538.2844138,195799.933688,-179852.581764,182389.302579,-158426.08696,-21718.5341232,-15602.1463126,-21755.5134166,-15533.5183441,195789.933688,-179855.581764,182397.302579,-158423.08696,11,19.261196851730347,1616667152.681216,-37.81896166666667,144.9501855,-37.81934583333334,144.95090483333334,-35.84156328,143.1362385,-35.96631476,143.3707744
