1616653095
1616653218,3,2359/2425
1616653326,3,5568/5689,1,3/5689
1616653386,3,5489/5594,1,1/5594
1616653446,3,5142/5248,1,2/5248
1616653506,3,6168/6277
1616653950
1616654010
1616654070
1616654130
1616654191
1616654251
1616654311
1616654371
1616654431
1616654491
1616654552
1616654612
1616654672
1616654732
1616654830
1616654891
1616655001
1616655094
1616655208
1616655268
1616655328
1616655389
1616655449,1,1/139,3,2/139
1616655509
1616655569
1616655629
1616655689
1616655749
1616655809
1616655869
1616655929
1616655989
1616656049
1616656109
1616656169
1616656229
1616656289
1616656349
1616656409
1616656469
1616656529
1616656589
1616656649
1616656709
1616656769
1616656829
1616656951
1616657133,1,1/83,3,2/83
1616657193,3,2/105
1616657253
1616657313
1616657373
1616657433,1,1/106,3,4/106
1616657493
1616657553
1616657613,3,231/374
1616658003,1,2/187,3,8/187
1616658063,1,1/161,3,4/161
1616658123,1,1/163,3,4/163
1616658183,1,1/162,3,4/162
1616658243,1,1/162,3,4/162
1616658303
1616658363,1,1/163,3,4/163
1616658423
1616658483,1,3/164,3,10/164
1616658543,1,1/162,3,4/162
1616658603,1,2/161,3,8/161
1616658663,1,2/162,3,5/162
1616658723,1,2/162,3,7/162
1616658783,1,1/161,3,4/161
1616658843,1,1/163,3,4/163
1616658903,1,2/166,3,8/166
1616658963,1,1/159,3,2/159
1616659023,3,10/161,1,2/161
1616659083,3,46/187
1616659143,1,1/139,3,2/139
1616659203,3,243/409
1616659263
1616659323,1,2/165,3,8/165
1616659383,1,2/164,3,8/164
1616659443,1,2/157,3,6/157
1616659503,3,137/287
1616659563
1616659623
1616659683
1616659743
1616659803,1,1/161,3,4/161
1616659863
1616659923,1,2/164,3,8/164
1616659983,1,1/163,3,4/163
1616660043,1,1/161,3,5/161
1616660103,1,1/162,3,4/162
1616660163,1,1/161,3,4/161
1616660223,1,1/162,3,4/162
1616660283,1,1/160,3,4/160
1616660343,1,1/160,3,4/160
1616660403,1,2/164,3,8/164
1616660463
1616660523
1616660583,1,2/166,3,8/166
1616660643,1,4/170,3,14/170
1616660703,1,1/161,3,4/161
1616660763,1,3/167,3,12/167
1616660823
1616660883
1616660943
1616661003
1616661063,1,1/161,3,4/161
1616661123
1616661183,3,121/272,1,1/272
1616661243
1616661303,1,1/32,3,4/32
1616661363
1616661423
1616661483
1616661543
1616661603
1616661663
1616661723
1616661783
1616661843
1616661903
1616661963
1616662023
1616662083
1616662143
1616662203
1616662263
1616662323,3,203/206
1616662383
1616662443
1616662503
1616662563
1616662624
1616662684,3,230/232
1616662744
1616662804,3,255/257
1616662864
1616662924,3,511/514
1616662984
1616663044,3,236/248
1616663104,3,246/253
1616663164
1616663224
1616663284
1616663344,3,256/259
1616663404
1616663464
1616663524
1616663584
1616663644
1616663704
1616663764
1616663824
1616663884
1616663944
1616664004
1616664064
1616664124
1616664184
1616664244
1616664304
1616664364,3,253/255
1616664424,3,255/264
1616664484
1616664544
1616664604
1616664664
1616664724
1616664784
1616664844
1616664904
1616664964
1616665024
1616665084
1616665144
1616665204
1616665264
1616665324
1616665384
1616665444
1616665504
1616665564
1616665624
1616665684
1616665744
1616665804
1616665864,3,232/233
1616665924
1616665984,3,244/252
1616666044,3,503/507
1616666104
1616666164
1616666224,3,256/263
1616666284,3,243/254
1616666344
1616666404
1616666464
1616666524
1616666584
1616666644
1616666704
1616666764
1616666824
1616666884
1616666944
1616667004
1616667064
1616667124
1616667184
