1623037439
1623052103
1623053472
1623053532
1623053593
1623053653
1623053713
1623053773
1623053834
1623053894
1623053954
1623054014
1623054074
1623054134
1623054195
1623054255
1623054315
1623054375
1623054435
1623054585
1623054645
1623054705
1623054765
1623054826
1623054886
1623054946
1623055006
1623055066
1623055127
1623055187
1623055247
1623055307
1623055367
1623056254
1623056998
1623057058
1623057118
1623057178
1623057238
1623057299
1623057359
1623057419
1623057479
1623057539
1623057600
1623057660
1623057720
1623057780
1623057840
1623057900
1623057961
1623058021
1623058081
1623058141
1623058201
1623058261
1623058322
1623058382
1623058442
1623058502
1623058562
1623058623
1623058683
1623058743
1623058803
1623058863
1623058923
1623058984
1623059044
1623059104
1623059164
1623059224
1623059285
1623059345
1623059405
1623059465
1623059525
1623059585
1623059646
1623059706
1623059766
1623059826
1623059886
1623059947
1623060007
1623060067
1623060127
1623060187
1623060247
1623060308
1623060368
1623060428
1623060488
1623060548
1623060609
1623060669
1623060729
1623060789
1623060849
1623060909
1623060970
1623061030
1623061090
1623061150
1623061210
1623061271
1623061331
1623061391
1623061451
1623061511
1623061571
1623061632
1623061692
1623061752,3,512/516
1623061812
1623061872
1623061932
1623061992
1623062052
1623062112
1623062172
1623062232
1623062292
1623062352
1623062412
1623062472
1623062532
1623062592
1623062652
1623062712
1623062772
1623062832
1623062892
1623062952
1623063012
1623063072
1623063132
1623063192
1623063252
1623063312
1623063372
1623063432
1623063492
1623063552
1623063612
1623063672
1623063732
1623063792
1623063852
1623063912
1623063972
1623064032
1623064092
1623064152
1623064212
1623064272
1623064332
1623064392
1623064452
1623064512
1623064572
1623064632
1623064692
1623064752
1623064812
1623064872
1623064932
1623064992
1623065052
1623065112
1623065221
1623065281
1623065341
1623065401,3,190/219
1623065461,3,226/247
