1615423190,3,142/234,1,20/234
1615424697,1,18/162,3,69/162
1615424757,1,20/116,3,43/116
1615424817,1,17/109,3,40/109
1615424877,1,17/111,3,44/111
1615428009,1,4/748,3,704/748
1615428069
1615428129
1615428189
1615428249,3,257/272
1615428309
1615428503,3,167/180
1615428661,3,1500/1548,1,4/1548
1615428721,3,1582/1662,1,16/1662
1615428781,3,2221/2299,1,14/2299
1615428841
1615428901
1615428961,3,123/125
1615429021,3,79/85
1615429081
1615429141
1615429201
1615429261
1615429321
1615429381
1615429441
1615429501
1615429561
1615429621
1615429681
1615429741
1615429801
1615429861
1615429921
1615429981
1615430041
1615430101
1615430161
1615430221
1615430281
1615430341
1615430401
1615430663
1615430723
1615430783
1615430843
1615430904
1615430964
1615431024
1615431084
1615431144
1615431204
1615431265
1615431325
1615431385
1615431445
1615431505
1615431565
1615431626
1615431686
1615431746
1615431806
1615431866
1615431926
1615431987
1615432047
1615432107
1615432167
1615432227
1615432288
1615432348
1615432408
1615432468
1615432528
1615432589
1615432649
1615432709
1615432769
1615432829
1615432889
1615432950
1615433010
1615433070
