1615525406,-50
1615525408,-50
1615525409,-50
1615525410,-31
1615525411,-49
1615525413,-28
1615525414,-28
1615525415,-27
1615525416,-30
1615525418,-30
1615525419,-50
1615525420,-48
1615525421,-50
1615525422,-49
1615525424,-51
1615525425,-51
1615525426,-50
1615525427,-49
1615525429,-30
1615525430,-62
1615525431,-60
1615525432,-58
1615525433,-49
1615525435,-52
1615525436,-51
1615525437,-52
1615525438,-52
1615525440,-54
1615525441,-51
1615525442,-51
1615525443,-52
1615525444,-52
1615525446,-55
1615525447,-55
1615525448,-53
1615525449,-53
1615525451,-53
1615525452,-52
1615525453,-53
1615525454,-53
1615525456,-52
1615525457,-52
1615525458,-52
1615525459,-52
1615525460,-53
1615525462,-53
1615525463,-54
1615525464,-53
1615525465,-52
1615525467,-52
1615525468,-52
1615525469,-56
1615525470,-55
1615525471,-55
1615525473,-52
1615525474,-60
1615525475,-65
1615525476,-52
1615525478,-60
1615525479,-54
1615525480,-65
1615525481,-65
1615525482,-66
1615525484,-72
1615525485,-81
1615525486,-76
1615525487,-71
1615525489,-71
1615525490,-78
1615525491,-77
1615525492,-71
1615525494,-69
1615525495,-71
1615525496,-81
1615525497,-71
1615525498,-70
1615525500,-68
1615525501,-69
1615525502,-67
1615525503,-73
1615525505,-75
1615525506,-71
1615525507,-75
1615525508,-71
1615525509,-74
1615525511,-70
1615525512,-72
1615525513,-69
1615525514,-67
1615525516,-72
1615525517,-67
1615525518,-66
1615525519,-70
1615525520,-60
1615525522,-68
1615525523,-78
1615525524,-68
1615525525,-69
1615525527,-72
1615525528,-69
1615525529,-70
1615525530,-69
1615525532,-69
1615525533,-69
1615525534,-70
1615525535,-70
1615525536,-71
1615525538,-71
1615525539,-72
1615525540,-71
1615525541,-70
1615525543,-71
1615525544,-71
1615525545,-70
1615525546,-68
1615525547,-66
1615525549,-67
1615525550,-68
1615525551,-69
1615525552,-68
1615525554,-69
1615525555,-70
1615525556,-70
1615525557,-70
1615525558,-70
1615525560,-71
1615525561,-72
1615525562,-70
1615525563,-72
1615525565,-71
1615525566,-71
1615525567,-71
1615525568,-71
1615525570,-70
1615525571,-71
1615525572,-71
1615525573,-71
1615525574,-70
1615525576,-72
1615525577,-69
1615525578,-71
1615525579,-73
1615525581,-71
1615525582,-71
1615525583,-73
1615525584,-73
1615525585,-72
1615525587,-74
1615525588,-74
1615525589,-73
1615525590,-72
1615525592,-71
1615525593,-73
1615525594,-73
1615525595,-73
1615525597,-73
1615525598,-72
1615525599,-72
1615525600,-70
1615525601,-74
1615525603,-78
1615525604,-82
1615525605,-77
1615525606,-72
1615525608,-71
1615525609,-70
1615525610,-72
1615525611,-73
1615525612,-71
1615525614,-72
1615525615,-73
1615525616,-71
1615525617,-70
1615525619,-71
1615525620,-73
1615525621,-71
1615525622,-72
1615525623,-67
1615525625,-64
1615525626,-71
1615525627,-68
1615525628,-69
1615525630,-64
1615525631,-66
1615525632,-65
1615525633,-64
1615525635,-61
1615525636,-64
1615525637,-65
1615525638,-62
1615525639,-62
1615525641,-70
1615525642,-68
1615525643,-65
1615525644,-65
1615525646,-65
1615525647,-64
1615525648,-67
1615525649,-67
1615525650,-65
1615525652,-66
1615525653,-66
1615525654,-62
1615525655,-66
1615525657,-65
1615525658,-64
1615525659,-66
1615525660,-65
1615525661,-62
1615525663,-62
1615525664,-64
1615525665,-64
1615525666,-64
1615525668,-64
1615525669,-64
1615525670,-64
1615525671,-64
1615525673,-64
1615525674,-64
1615525675,-64
1615525676,-64
1615525677,-64
1615525679,-64
1615525680,-62
1615525681,-61
1615525682,-61
1615525684,-65
1615525685,-69
1615525686,-64
1615525687,-65
1615525688,-66
1615525690,-66
1615525691,-65
1615525692,-65
1615525693,-64
1615525695,-64
1615525696,-64
1615525697,-64
1615525698,-64
1615525699,-64
1615525701,-64
1615525702,-64
1615525703,-64
1615525704,-62
1615525706,-64
1615525707,-62
1615525708,-64
1615525709,-64
1615525711,-64
1615525712,-62
1615525713,-64
1615525714,-64
1615525715,-62
1615525717,-62
1615525718,-62
1615525719,-62
1615525720,-62
1615525722,-64
1615525723,-64
1615525724,-64
1615525725,-62
1615525726,-62
1615525728,-64
1615525729,-62
1615525730,-65
1615525731,-64
1615525733,-64
1615525734,-62
1615525735,-62
1615525736,-62
1615525738,-62
1615525739,-62
1615525740,-62
1615525741,-62
1615525742,-62
1615525744,-62
1615525745,-64
1615525746,-64
1615525747,-64
1615525749,-62
1615525750,-65
1615525751,-65
1615525752,-64
1615525753,-65
1615525755,-67
1615525756,-62
1615525757,-64
1615525758,-65
1615525760,-64
1615525761,-62
1615525762,-64
1615525763,-62
1615525764,-62
1615525766,-62
1615525767,-64
1615525768,-64
1615525769,-64
1615525771,-64
1615525772,-64
1615525773,-64
1615525774,-62
1615525776,-62
1615525777,-64
1615525778,-62
1615525779,-64
1615525780,-62
1615525782,-62
1615525783,-62
1615525784,-62
1615525785,-62
1615525787,-62
1615525788,-62
1615525789,-64
1615525790,-62
1615525791,-62
1615525793,-62
1615525794,-62
1615525795,-62
1615525796,-61
1615525798,-66
1615525799,-65
1615525800,-64
1615525801,-64
1615525803,-62
1615525804,-64
1615525805,-65
1615525806,-65
1615525807,-66
1615525809,-62
1615525810,-64
1615525811,-61
1615525812,-65
1615525814,-64
1615525815,-65
1615525816,-65
1615525817,-62
1615525818,-64
1615525820,-62
1615525821,-62
1615525822,-62
1615525823,-62
1615525825,-62
1615525826,-62
1615525827,-64
1615525828,-64
1615525829,-64
1615525831,-64
1615525832,-64
1615525833,-64
1615525834,-64
1615525836,-62
1615525837,-62
1615525838,-57
1615525839,-56
1615525841,-55
1615525842,-54
1615525843,-58
1615525844,-71
1615525845,-66
1615525847,-60
1615525848,-61
1615525849,-65
1615525850,-65
1615525852,-64
1615525853,-67
1615525854,-68
1615525855,-65
1615525856,-65
1615525858,-66
1615525859,-68
1615525860,-67
1615525861,-67
1615525863,-70
1615525864,-70
1615525865,-72
1615525866,-71
1615525867,-68
1615525869,-68
1615525870,-68
1615525871,-68
1615525872,-68
1615525874,-69
1615525875,-70
1615525876,-68
1615525877,-69
1615525879,-68
1615525880,-69
1615525881,-70
1615525882,-70
1615525883,-68
1615525885,-68
1615525886,-66
1615525887,-65
1615525888,-64
1615525890,-65
1615525891,-68
1615525892,-67
1615525893,-66
1615525894,-64
1615525896,-64
1615525897,-68
1615525898,-67
1615525899,-67
1615525901,-67
1615525902,-67
1615525903,-67
1615525904,-68
1615525905,-70
1615525907,-67
1615525908,-69
1615525909,-68
1615525910,-68
1615525912,-68
1615525913,-67
1615525914,-69
1615525915,-67
1615525917,-69
1615525918,-69
1615525919,-69
1615525920,-69
1615525921,-71
1615525923,-72
1615525924,-75
1615525925,-71
1615525926,-71
1615525928,-71
1615525929,-71
1615525930,-72
1615525931,-72
1615525932,-72
1615525934,-72
1615525935,-73
1615525936,-74
1615525937,-74
1615525939,-75
1615525940,-76
1615525941,-83
1615525942,-78
1615525943,-77
1615525945,-78
1615525946,-78
1615525947,-78
1615525948,-79
1615525950,-79
1615525951,-78
1615525952,-78
1615525953,-77
1615525955,-78
1615525956,-77
1615525957,-76
1615525958,-77
1615525959,-78
1615525961,-78
1615525962,-78
1615525963,-79
1615525964,-77
1615525966,-78
1615525967,-78
1615525968,-77
1615525969,-77
1615525970,-79
1615525972,-78
1615525973,-77
1615525974,-78
1615525975,-79
1615525977,-77
1615525978,-77
1615525979,-78
1615525980,-78
1615525981,-78
1615525983,-79
1615525984,-79
1615525985,-79
1615525986,-81
1615525988,-82
1615525989,-84
1615525990,-82
1615525991,-83
1615525993,-83
1615525994,-85
1615525995,-83
1615525996,-82
1615525997,-82
1615525999,-82
1615526000,-81
1615526001,-78
1615526002,-79
1615526004,-79
1615526005,-81
1615526006,-82
1615526007,-82
1615526008,-85
1615526010,-84
1615526011,-84
1615526012,-85
1615526013,-86
1615526015,-85
1615526016,-84
1615526017,-83
1615526018,-81
1615526019,-81
1615526021,-81
1615526022,-81
1615526023,-81
1615526024,-82
1615526026,-82
1615526027,-81
1615526028,-82
1615526029,-84
1615526031,-82
1615526032,-82
1615526033,-85
1615526034,-83
1615526035,-84
1615526037,-86
1615526038,-88
1615526039,-88
1615526040,-87
1615526042,-84
1615526043,-87
1615526044,-84
1615526045,-85
1615526046,-87
1615526048,-84
1615526049,-85
1615526050,-86
1615526051,-85
1615526053,-85
1615526054,-85
1615526055,-86
1615526056,-82
1615526058,-85
1615526059,-87
1615526060,-83
1615526061,-85
1615526062,-83
1615526064,-84
1615526065,-83
1615526066,-82
1615526067,-83
1615526069,-82
1615526070,-85
1615526071,-83
1615526072,-83
1615526073,-83
1615526075,-83
1615526076,-83
1615526077,-83
1615526078,-85
1615526080,-84
1615526081,-85
1615526082,-85
1615526083,-85
1615526084,-86
1615526086,-85
1615526087,-83
1615526088,-89
1615526089,-85
1615526091,-87
1615526092,-87
1615526093,-87
1615526094,-86
1615526096,-86
1615526097,-86
1615526098,-86
1615526099,-85
1615526100,-86
1615526102,-86
1615526103,-86
1615526104,-85
1615526105,-86
1615526107,-86
1615526108,-85
1615526109,-84
1615526110,-85
1615526111,-87
1615526113,-85
1615526114,-85
1615526115,-84
1615526116,-86
1615526118,-86
1615526119,-87
1615526120,-87
1615526121,-87
1615526122,-87
1615526124,-86
1615526125,-88
1615526126,-86
1615526127,-88
1615526129,-87
1615526130,-87
1615526131,-87
1615526132,-87
1615526134,-87
1615526135,-87
1615526136,-87
1615526137,-87
1615526138,-87
1615526140,-87
1615526141,-85
1615526142,-88
1615526143,-88
1615526145,-86
1615526146,-87
1615526147,-87
1615526148,-87
1615526149,-86
1615526151,-87
1615526152,-86
1615526153,-87
1615526154,-85
1615526156,-86
1615526157,-86
1615526158,-87
1615526159,-85
1615526161,-86
1615526162,-86
1615526163,-87
1615526164,-88
1615526165,-88
1615526167,-87
1615526168,-88
1615526169,-88
1615526170,-88
1615526172,-89
1615526173,-89
1615526174,-91
1615526175,-89
1615526176,-91
1615526178,-91
1615526179,-90
1615526180,-89
1615526181,-91
1615526183,-90
1615526184,-90
1615526185,-90
1615526186,-91
1615526187,-90
1615526189,-89
1615526190,-88
1615526191,-88
1615526192,-89
1615526194,-89
1615526195,-88
1615526196,-89
1615526197,-89
1615526199,-88
1615526200,-89
1615526201,-91
1615526202,-89
1615526203,-90
1615526205,-90
1615526206,-90
1615526207,-90
1615526208,-90
1615526210,-90
1615526211,-90
1615526212,-91
1615526213,-92
1615526214,-93
1615526216,-93
1615526217,-90
1615526218,-95
1615526219,-93
1615526221,-91
1615526222,-90
1615526223,-91
1615526224,-91
1615526226,-89
1615526227,-93
1615526228,-91
1615526229,-91
1615526230,-92
1615526232,-93
1615526233,-90
1615526234,-90
1615526235,-91
1615526237,-91
1615526238,-91
1615526239,-91
1615526240,-90
1615526241,-91
1615526243,-89
1615526244,-91
1615526245,-90
1615526246,-91
1615526248,-90
1615526249,-90
1615526250,-90
1615526251,-91
1615526252,-90
1615526254,-91
1615526255,-89
1615526256,-90
1615526257,-92
1615526259,-92
1615526260,-93
1615526261,-93
1615526262,-91
1615526264,-93
1615526265,-90
1615526266,-91
1615526267,-90
1615526268,-93
1615526270,-93
1615526271,-93
1615526272,-92
1615526273,-92
1615526275,-95
1615526276,-95
1615526277,-94
1615526278,-95
1615526279,-95
1615526281,-98
1615526282,-95
1615526283,-96
1615526284,-95
1615526286,-95
1615526287,-93
1615526288,-92
1615526289,-92
1615526290,-94
1615526292,-93
1615526293,-93
1615526294,-93
1615526295,-94
1615526297,-100
1615526298,-96
1615526299,-90
1615526300,-94
1615526302,-96
1615526303,-95
1615526304,-93
1615526305,-93
1615526306,-93
1615526308,-93
1615526309,-93
1615526310,-91
1615526311,-92
1615526313,-92
1615526314,-92
1615526315,-90
1615526316,-91
1615526317,-91
1615526319,-91
1615526320,-91
1615526321,-91
1615526322,-91
1615526324,-92
1615526325,-90
1615526326,-89
1615526327,-88
1615526328,-88
1615526330,-89
1615526331,-89
1615526332,-89
1615526333,-93
1615526335,-93
1615526336,-90
1615526337,-90
1615526338,-91
1615526340,-92
1615526341,-90
1615526342,-89
1615526343,-89
1615526344,-91
1615526346,-90
1615526347,-90
1615526348,-90
1615526349,-91
1615526351,-90
1615526352,-91
1615526353,-90
1615526354,-92
1615526355,-91
1615526357,-93
1615526358,-92
1615526359,-91
1615526360,-92
1615526362,-92
1615526363,-91
1615526364,-94
1615526365,-92
1615526367,-94
1615526368,-92
1615526369,-93
1615526370,-93
1615526371,-93
1615526373,-93
1615526374,-94
1615526375,-93
1615526376,-93
1615526378,-91
1615526379,-90
1615526380,-91
1615526381,-93
1615526382,-94
1615526384,-92
1615526385,-93
1615526386,-92
1615526387,-91
1615526389,-94
1615526390,-92
1615526391,-91
1615526392,-93
1615526393,-92
1615526395,-94
1615526396,-93
1615526397,-94
1615526398,-94
1615526400,-93
1615526401,-95
1615526402,-94
1615526403,-93
1615526405,-92
1615526406,-94
1615526407,-94
1615526408,-94
1615526409,-95
1615526411,-95
1615526412,-96
1615526413,-96
1615526414,-94
1615526416,-95
1615526417,-95
1615526418,-98
1615526419,-95
1615526420,-94
1615526422,-94
1615526423,-94
1615526424,-94
1615526425,-94
1615526427,-94
1615526428,-94
1615526429,-94
1615526430,-94
1615526431,-94
1615526433,-94
1615526434,-94
1615526435,-93
1615526436,-93
1615526438,-94
1615526439,-94
1615526440,-93
1615526441,-95
1615526443,-94
1615526444,-94
1615526445,-94
1615526446,-95
1615526447,-94
1615526449,-94
1615526450,-94
1615526451,-94
1615526452,-94
1615526454,-92
1615526455,-94
1615526456,-96
1615526457,-94
1615526458,-94
1615526460,-93
1615526461,-94
1615526462,-98
1615526463,-94
1615526465,-95
1615526466,-95
1615526467,-94
1615526468,-96
1615526469,-96
1615526471,-98
1615526472,-99
1615526473,-99
1615526474,-100
1615526476,-101
1615526477,-100
1615526478,-101
1615526479,-100
1615526481,-100
1615526482,-100
1615526483,-99
1615526484,-98
1615526485,-98
1615526487,-96
1615526488,-98
1615526489,-96
1615526490,-98
1615526492,-99
1615526493,-98
1615526494,-98
1615526495,-101
1615526496,-100
1615526498,-98
1615526499,-95
1615526500,-95
1615526501,-96
1615526503,-96
1615526504,-96
1615526505,-95
1615526506,-96
1615526507,-95
1615526509,-96
1615526510,-96
1615526511,-95
1615526512,-95
1615526514,-96
1615526515,-96
1615526516,-94
1615526517,-95
1615526519,-96
1615526520,-96
1615526521,-95
1615526522,-96
1615526523,-96
1615526525,-98
1615526526,-96
1615526527,-99
1615526528,-95
1615526530,-95
1615526531,-95
1615526532,-99
1615526533,-96
1615526534,-98
1615526536,-96
1615526537,-96
1615526538,-96
1615526539,-96
1615526541,-96
1615526542,-98
1615526543,-96
1615526544,-98
1615526545,-99
1615526547,-96
1615526548,-98
1615526549,-95
1615526550,-94
1615526552,-98
1615526553,-98
1615526554,-98
1615526555,-98
1615526557,-96
1615526558,-98
1615526559,-98
1615526560,-98
1615526561,-96
1615526563,-96
1615526564,-96
1615526565,-95
1615526566,-96
1615526568,-96
1615526569,-98
1615526570,-98
1615526571,-99
1615526572,-98
1615526574,-96
1615526575,-96
1615526576,-96
1615526577,-96
1615526579,-94
1615526580,-93
1615526581,-95
1615526582,-96
1615526584,-96
1615526585,-95
1615526586,-103
1615526587,-96
1615526588,-100
1615526590,-99
1615526591,-98
1615526592,-100
1615526593,-95
1615526595,-98
1615526596,-96
1615526597,-95
1615526598,-95
1615526599,-95
1615526601,-94
1615526602,-95
1615526603,-95
1615526604,-94
1615526606,-94
1615526607,-95
1615526608,-95
1615526609,-98
1615526610,-93
1615526612,-93
1615526613,-93
1615526614,-93
1615526615,-95
1615526617,-95
1615526618,-95
1615526619,-94
1615526620,-93
1615526622,-93
1615526623,-92
1615526624,-93
1615526625,-92
1615526626,-92
1615526628,-93
1615526629,-93
1615526630,-92
1615526631,-92
1615526633,-92
1615526634,-92
1615526635,-92
1615526636,-92
1615526637,-92
1615526639,-92
1615526640,-92
1615526641,-91
1615526642,-92
1615526644,-91
1615526645,-92
1615526646,-92
1615526647,-91
1615526648,-96
1615526650,-92
1615526651,-93
1615526652,-93
1615526653,-92
1615526655,-92
1615526656,-93
1615526657,-91
1615526658,-93
1615526660,-92
1615526661,-92
1615526662,-89
1615526663,-92
1615526664,-91
1615526666,-95
1615526667,-96
1615526668,-96
1615526669,-94
1615526671,-92
1615526672,-92
1615526673,-91
1615526674,-92
1615526675,-90
1615526677,-88
1615526678,-89
1615526679,-89
1615526680,-94
1615526682,-89
1615526683,-88
1615526684,-88
1615526685,-87
1615526686,-89
1615526688,-85
1615526689,-88
1615526690,-85
1615526691,-88
1615526693,-86
1615526694,-91
1615526695,-90
1615526696,-89
1615526698,-84
1615526699,-84
1615526700,-84
1615526701,-88
1615526702,-87
1615526704,-84
1615526705,-81
1615526706,-83
1615526707,-83
1615526709,-83
1615526710,-83
1615526711,-85
1615526712,-86
1615526713,-87
1615526715,-88
1615526716,-88
1615526717,-89
1615526734,-73
1615526735,-66
1615526736,-62
1615526738,-62
1615526739,-62
1615526740,-61
1615526741,-62
1615526743,-61
1615526744,-61
1615526745,-65
1615526746,-66
1615526747,-62
1615526749,-64
1615526750,-68
1615526751,-68
1615526752,-68
1615526754,-68
1615526755,-68
1615526756,-69
1615526757,-67
1615526758,-69
1615526760,-68
1615526761,-68
1615526762,-68
1615526763,-66
1615526765,-68
1615526766,-66
1615526767,-66
1615526768,-67
1615526769,-67
1615526771,-66
1615526772,-67
1615526773,-67
1615526774,-67
1615526776,-66
1615526777,-75
1615526778,-68
1615526779,-68
1615526781,-69
1615526782,-68
1615526783,-68
1615526784,-58
1615526785,-52
1615526787,-58
1615526788,-55
1615526789,-55
1615526790,-52
1615526792,-53
1615526793,-54
1615526794,-54
1615526795,-56
1615526796,-56
1615526798,-61
1615526799,-65
1615526800,-60
1615526801,-59
1615526803,-60
1615526804,-66
1615526805,-55
1615526806,-59
1615526807,-58
1615526809,-57
1615526810,-57
1615526811,-56
1615526812,-56
1615526814,-57
1615526815,-56
1615526816,-58
1615526817,-61
1615526819,-60
1615526820,-61
1615526821,-61
1615526822,-64
1615526823,-64
1615526825,-65
1615526826,-62
1615526827,-62
1615526828,-62
1615526830,-59
1615526831,-61
1615526832,-61
1615526833,-61
1615526834,-61
1615526836,-62
1615526837,-62
1615526838,-61
1615526839,-61
1615526841,-64
1615526842,-65
1615526843,-62
1615526844,-64
1615526845,-57
1615526847,-59
1615526848,-58
1615526849,-58
1615526850,-59
1615526852,-62
1615526853,-57
1615526854,-58
1615526855,-59
1615526857,-58
1615526858,-60
1615526859,-58
1615526860,-66
1615526861,-58
1615526863,-60
1615526864,-61
1615526865,-61
1615526866,-66
1615526868,-58
1615526869,-58
1615526870,-60
1615526871,-66
1615526872,-62
1615526874,-62
1615526875,-64
1615526876,-66
1615526877,-68
1615526879,-58
1615526880,-57
1615526881,-66
1615526882,-57
1615526884,-61
1615526885,-62
1615526886,-60
1615526887,-58
1615526888,-62
1615526890,-60
1615526891,-56
1615526892,-57
1615526893,-57
1615526895,-64
1615526896,-58
1615526897,-58
1615526898,-58
1615526899,-58
1615526901,-59
1615526902,-56
1615526903,-58
1615526904,-59
1615526906,-59
1615526907,-58
1615526908,-58
1615526909,-60
1615526910,-57
1615526912,-58
1615526913,-57
1615526914,-57
1615526915,-58
1615526917,-58
1615526918,-58
1615526919,-57
1615526920,-57
1615526922,-57
1615526923,-59
1615526924,-58
1615526925,-58
1615526926,-55
1615526928,-57
1615526929,-57
1615526930,-58
1615526931,-61
1615526933,-59
1615526934,-57
1615526935,-60
1615526936,-57
1615526937,-59
1615526939,-60
1615526940,-58
1615526941,-58
1615526942,-60
1615526944,-56
1615526945,-55
1615526946,-53
1615526947,-55
1615526948,-59
1615526950,-65
1615526951,-68
1615526952,-59
1615526953,-66
1615526955,-57
1615526956,-69
1615526957,-58
1615526958,-58
1615526960,-59
1615526961,-72
1615526962,-62
1615526963,-62
1615526964,-62
1615526966,-58
1615526967,-64
1615526968,-60
1615526969,-61
1615526971,-61
1615526972,-61
1615526973,-61
1615526974,-60
1615526975,-60
1615526977,-60
1615526978,-60
1615526979,-60
1615526980,-60
1615526982,-60
1615526983,-60
1615526984,-62
1615526985,-60
1615526986,-65
1615526988,-61
1615526989,-56
1615526990,-61
1615526991,-61
1615526993,-61
1615526994,-62
1615526995,-60
1615526996,-61
1615526998,-61
1615526999,-61
1615527000,-61
1615527001,-61
1615527002,-61
1615527004,-61
1615527005,-61
1615527006,-60
1615527007,-60
1615527009,-60
1615527010,-60
1615527011,-60
1615527012,-60
1615527013,-60
1615527015,-61
1615527016,-60
1615527017,-60
1615527018,-60
1615527020,-60
1615527021,-61
1615527022,-61
1615527023,-60
1615527024,-61
1615527026,-60
1615527027,-61
1615527028,-61
1615527029,-60
1615527031,-61
1615527032,-60
1615527033,-61
1615527034,-60
1615527036,-61
1615527037,-60
1615527038,-60
1615527039,-60
1615527040,-61
1615527042,-61
1615527043,-61
1615527044,-60
1615527045,-60
1615527047,-60
1615527048,-60
1615527049,-60
1615527050,-60
1615527051,-60
1615527053,-60
1615527054,-60
1615527055,-61
1615527056,-61
1615527058,-61
1615527059,-62
1615527060,-61
1615527061,-61
1615527062,-60
1615527064,-60
1615527065,-61
1615527066,-61
1615527067,-61
1615527069,-61
1615527070,-61
1615527071,-61
1615527072,-60
1615527074,-61
1615527075,-60
1615527076,-61
1615527077,-60
1615527078,-61
1615527080,-60
1615527081,-61
1615527082,-57
1615527083,-57
1615527085,-68
1615527086,-58
1615527087,-58
1615527088,-58
1615527089,-58
1615527091,-58
1615527092,-58
1615527093,-58
1615527094,-58
1615527096,-58
1615527097,-58
1615527098,-59
1615527099,-56
1615527100,-65
1615527102,-56
1615527103,-58
1615527104,-58
1615527105,-58
1615527107,-58
1615527108,-59
1615527109,-58
1615527110,-58
1615527112,-58
1615527113,-59
1615527114,-60
1615527115,-59
1615527116,-60
1615527118,-59
1615527119,-60
1615527120,-61
1615527121,-60
1615527123,-59
1615527124,-59
1615527125,-59
1615527126,-58
1615527127,-58
1615527129,-59
1615527130,-58
1615527131,-59
1615527132,-58
1615527134,-58
1615527135,-58
1615527136,-58
1615527137,-58
1615527139,-58
1615527140,-59
1615527141,-58
1615527142,-61
1615527143,-61
1615527145,-61
1615527146,-61
1615527147,-62
1615527148,-62
1615527150,-62
1615527151,-62
1615527152,-61
1615527153,-61
1615527154,-61
1615527156,-65
1615527157,-60
1615527158,-61
1615527159,-61
1615527161,-61
1615527162,-61
1615527163,-61
1615527164,-62
1615527165,-62
1615527167,-62
1615527168,-61
1615527169,-61
1615527170,-61
1615527172,-64
1615527173,-60
1615527174,-59
1615527175,-59
1615527177,-62
1615527178,-64
1615527179,-62
1615527180,-61
1615527181,-61
1615527183,-60
1615527184,-60
1615527185,-60
1615527186,-58
1615527188,-59
1615527189,-58
1615527190,-61
1615527191,-60
1615527192,-60
1615527194,-60
1615527195,-60
1615527196,-60
1615527197,-60
1615527199,-59
1615527200,-57
1615527201,-58
1615527202,-58
1615527203,-58
1615527205,-58
1615527206,-58
1615527207,-59
1615527208,-60
1615527210,-58
1615527211,-60
1615527212,-59
1615527213,-58
1615527215,-58
1615527216,-59
1615527217,-59
1615527218,-59
1615527219,-58
1615527221,-59
1615527222,-58
1615527223,-60
1615527224,-58
1615527226,-58
1615527227,-59
1615527228,-59
1615527229,-59
1615527230,-58
1615527232,-59
1615527233,-58
1615527234,-57
1615527235,-57
1615527237,-60
1615527238,-61
1615527239,-59
1615527240,-59
1615527241,-60
1615527243,-58
1615527244,-58
1615527245,-57
1615527246,-58
1615527248,-58
1615527249,-57
1615527250,-57
1615527251,-58
1615527253,-57
1615527254,-57
1615527255,-57
1615527256,-57
1615527257,-58
1615527259,-58
1615527260,-57
1615527261,-57
1615527262,-58
1615527264,-57
1615527265,-57
1615527266,-59
1615527267,-61
1615527268,-58
1615527270,-58
1615527271,-60
1615527272,-60
1615527273,-60
1615527275,-60
1615527276,-53
1615527277,-57
1615527278,-61
1615527279,-59
1615527281,-58
1615527282,-56
1615527283,-66
1615527284,-62
1615527286,-56
1615527287,-58
1615527288,-55
1615527289,-61
1615527291,-55
1615527292,-58
1615527293,-57
1615527294,-56
1615527295,-56
1615527297,-57
1615527298,-56
1615527299,-57
1615527300,-57
1615527302,-57
1615527303,-58
1615527304,-58
1615527305,-56
1615527306,-56
1615527308,-56
1615527309,-57
1615527310,-64
1615527311,-55
1615527313,-56
1615527314,-55
1615527315,-54
1615527316,-55
1615527317,-57
1615527319,-56
1615527320,-56
1615527321,-56
1615527322,-56
1615527324,-56
1615527325,-56
1615527326,-56
1615527327,-56
1615527329,-56
1615527330,-57
1615527331,-56
1615527332,-56
1615527333,-56
1615527335,-56
1615527336,-56
1615527337,-55
1615527338,-64
1615527340,-58
1615527341,-58
1615527342,-57
1615527343,-58
1615527344,-57
1615527346,-56
1615527347,-58
1615527348,-59
1615527349,-55
1615527351,-58
1615527352,-58
1615527353,-54
1615527354,-57
1615527355,-56
1615527357,-55
1615527358,-56
1615527359,-55
1615527360,-54
1615527362,-55
1615527363,-54
1615527364,-56
1615527365,-56
1615527367,-57
1615527368,-56
1615527369,-56
1615527370,-55
1615527371,-56
1615527373,-58
1615527374,-58
1615527375,-57
1615527376,-57
1615527378,-57
1615527379,-62
1615527380,-55
1615527381,-56
1615527382,-57
1615527384,-57
1615527385,-56
1615527386,-57
1615527387,-57
1615527389,-58
1615527390,-58
1615527391,-58
1615527392,-57
1615527394,-57
1615527395,-57
1615527396,-57
1615527397,-57
1615527398,-57
1615527400,-57
1615527401,-57
1615527402,-56
1615527403,-56
1615527405,-57
1615527406,-56
1615527407,-57
1615527408,-57
1615527409,-57
1615527411,-56
1615527412,-57
1615527413,-56
1615527414,-57
1615527416,-57
1615527417,-57
1615527418,-56
1615527419,-56
1615527420,-57
1615527422,-57
1615527423,-56
1615527424,-56
1615527425,-57
1615527427,-57
1615527428,-57
1615527429,-56
1615527430,-55
1615527432,-56
1615527433,-58
1615527434,-57
1615527435,-57
1615527436,-57
1615527438,-57
1615527439,-56
1615527440,-57
1615527441,-56
1615527443,-57
1615527444,-56
1615527445,-57
1615527446,-57
1615527447,-57
1615527449,-57
1615527450,-57
1615527451,-57
1615527452,-57
1615527454,-57
1615527455,-56
1615527456,-56
1615527457,-57
1615527458,-57
1615527460,-56
1615527461,-57
1615527462,-57
1615527463,-57
1615527465,-57
1615527466,-57
1615527467,-57
1615527468,-57
1615527470,-57
1615527471,-56
1615527472,-57
1615527473,-56
1615527474,-56
1615527476,-57
1615527477,-57
1615527478,-57
1615527479,-56
1615527481,-57
1615527482,-57
1615527483,-57
1615527484,-56
1615527485,-57
1615527487,-56
1615527488,-57
1615527489,-57
1615527490,-57
1615527492,-57
1615527493,-57
1615527494,-57
1615527495,-57
1615527496,-57
1615527498,-57
1615527499,-57
1615527500,-56
1615527501,-57
1615527503,-56
1615527504,-56
1615527505,-56
1615527506,-57
1615527508,-57
1615527509,-56
1615527510,-57
1615527511,-57
1615527512,-57
1615527514,-57
1615527515,-57
1615527516,-57
1615527517,-57
1615527519,-57
1615527520,-57
1615527521,-57
1615527522,-56
1615527523,-56
1615527525,-57
1615527526,-56
1615527527,-57
1615527528,-57
1615527530,-57
1615527531,-57
1615527532,-57
1615527533,-57
1615527534,-57
1615527536,-57
1615527537,-57
1615527538,-57
1615527539,-57
1615527541,-57
1615527542,-57
1615527543,-57
1615527544,-57
1615527546,-57
1615527547,-56
1615527548,-57
1615527549,-56
1615527550,-57
1615527552,-56
1615527553,-57
1615527554,-56
1615527555,-57
1615527557,-57
1615527558,-57
1615527559,-57
1615527560,-56
1615527561,-56
1615527563,-56
1615527564,-56
1615527565,-57
1615527566,-57
1615527568,-56
1615527569,-56
1615527570,-56
1615527571,-57
1615527572,-56
1615527574,-57
1615527575,-56
1615527576,-57
1615527577,-56
1615527579,-56
1615527580,-57
1615527581,-56
1615527582,-56
1615527584,-57
1615527585,-57
1615527586,-57
1615527587,-57
1615527588,-57
1615527590,-56
1615527591,-56
1615527592,-56
1615527593,-57
1615527595,-57
1615527596,-56
1615527597,-56
1615527598,-56
1615527599,-56
1615527601,-56
1615527602,-57
1615527603,-57
1615527604,-56
1615527606,-56
1615527607,-57
1615527608,-57
1615527609,-57
1615527611,-56
1615527612,-56
1615527613,-57
1615527614,-57
1615527615,-57
1615527617,-57
1615527618,-56
1615527619,-56
1615527620,-57
1615527622,-57
1615527623,-56
1615527624,-57
1615527625,-56
1615527626,-56
1615527628,-57
1615527629,-57
1615527630,-57
1615527631,-56
1615527633,-57
1615527634,-57
1615527635,-57
1615527636,-57
1615527637,-56
1615527639,-56
1615527640,-56
1615527641,-56
1615527642,-56
1615527644,-57
1615527645,-57
1615527646,-57
1615527647,-56
1615527649,-56
1615527650,-57
1615527651,-56
1615527652,-56
1615527653,-56
1615527655,-56
1615527656,-57
1615527657,-56
1615527658,-57
1615527660,-57
1615527661,-56
1615527662,-57
1615527663,-56
1615527664,-57
1615527666,-57
1615527667,-56
1615527668,-57
1615527669,-56
1615527671,-57
1615527672,-57
1615527673,-56
1615527674,-56
1615527676,-56
1615527677,-57
1615527678,-57
1615527679,-56
1615527680,-56
1615527682,-57
1615527683,-56
1615527684,-57
1615527685,-57
1615527687,-57
1615527688,-57
1615527689,-57
1615527690,-56
1615527691,-57
1615527693,-56
1615527694,-56
1615527695,-57
1615527696,-57
1615527698,-56
1615527699,-57
1615527700,-57
1615527701,-56
1615527702,-56
1615527704,-56
1615527705,-57
1615527706,-57
1615527707,-56
1615527709,-56
1615527710,-57
1615527711,-57
1615527712,-56
1615527714,-57
1615527715,-57
1615527716,-57
1615527717,-57
1615527718,-57
1615527720,-57
1615527721,-57
1615527722,-57
1615527723,-57
1615527725,-57
1615527726,-56
1615527727,-56
1615527728,-57
1615527729,-57
1615527731,-57
1615527732,-57
1615527733,-56
1615527734,-56
1615527736,-57
1615527737,-56
1615527738,-56
1615527739,-56
1615527740,-56
1615527742,-57
1615527743,-56
1615527744,-57
1615527745,-56
1615527747,-56
1615527748,-57
1615527749,-57
1615527750,-57
1615527752,-57
1615527753,-56
1615527754,-56
1615527755,-57
1615527756,-58
1615527758,-58
1615527759,-56
1615527760,-57
1615527761,-57
1615527763,-57
1615527764,-56
1615527765,-57
1615527766,-57
1615527767,-57
1615527769,-56
1615527770,-56
1615527771,-56
1615527772,-57
1615527774,-57
1615527775,-57
1615527776,-57
1615527777,-57
1615527778,-57
1615527780,-57
1615527781,-56
1615527782,-56
1615527783,-56
1615527785,-57
1615527786,-57
1615527787,-57
1615527788,-57
1615527790,-57
1615527791,-57
1615527792,-56
1615527793,-57
1615527794,-57
1615527796,-56
1615527797,-56
1615527798,-57
1615527799,-57
1615527801,-57
1615527802,-57
1615527803,-57
1615527804,-56
1615527805,-56
1615527807,-56
1615527808,-57
1615527809,-57
1615527810,-56
1615527812,-57
1615527813,-56
1615527814,-57
1615527815,-56
1615527816,-56
1615527818,-56
1615527819,-56
1615527820,-57
1615527821,-57
1615527823,-57
1615527824,-57
1615527825,-56
1615527826,-57
1615527828,-57
1615527829,-56
1615527830,-56
1615527831,-57
1615527832,-56
1615527834,-57
1615527835,-56
1615527836,-57
1615527837,-56
1615527839,-57
1615527840,-56
1615527841,-57
1615527842,-56
1615527843,-57
1615527845,-57
1615527846,-56
1615527847,-57
1615527848,-56
1615527850,-57
1615527851,-57
1615527852,-57
1615527853,-57
1615527854,-57
1615527856,-57
1615527857,-56
1615527858,-57
1615527859,-57
1615527861,-56
1615527862,-57
1615527863,-57
1615527864,-57
1615527866,-57
1615527867,-57
1615527868,-56
1615527869,-56
1615527870,-56
1615527872,-56
1615527873,-56
1615527874,-56
1615527875,-56
1615527877,-56
1615527878,-56
1615527879,-57
1615527880,-56
1615527881,-56
1615527883,-57
1615527884,-56
1615527885,-57
1615527886,-57
1615527888,-57
1615527889,-57
1615527890,-57
1615527891,-56
1615527893,-56
1615527894,-56
1615527895,-57
1615527896,-56
1615527897,-57
1615527899,-56
1615527900,-57
1615527901,-56
1615527902,-56
1615527904,-56
1615527905,-56
1615527906,-56
1615527907,-56
1615527908,-57
1615527910,-57
1615527911,-56
1615527912,-56
1615527913,-57
1615527915,-57
1615527916,-56
1615527917,-57
1615527918,-57
1615527919,-56
1615527921,-56
1615527922,-57
1615527923,-56
1615527924,-57
1615527926,-57
1615527927,-57
1615527928,-57
1615527929,-57
1615527931,-57
1615527932,-57
1615527933,-57
1615527934,-57
1615527935,-57
1615527937,-56
1615527938,-57
1615527939,-56
1615527940,-56
1615527942,-57
1615527943,-56
1615527944,-56
1615527945,-56
1615527946,-56
1615527948,-57
1615527949,-57
1615527950,-56
1615527951,-56
1615527953,-57
1615527954,-56
1615527955,-56
1615527956,-56
1615527957,-56
1615527959,-57
1615527960,-57
1615527961,-57
1615527962,-56
1615527964,-57
1615527965,-56
1615527966,-56
1615527967,-56
1615527969,-57
1615527970,-56
1615527971,-57
1615527972,-57
1615527973,-57
1615527975,-57
1615527976,-56
1615527977,-57
1615527978,-57
1615527980,-57
1615527981,-56
1615527982,-56
1615527983,-56
1615527984,-56
1615527986,-56
1615527987,-57
1615527988,-57
1615527989,-57
1615527991,-57
1615527992,-57
1615527993,-57
1615527994,-56
1615527995,-56
1615527997,-56
1615527998,-56
1615527999,-57
1615528000,-57
1615528002,-57
1615528003,-57
1615528004,-57
1615528005,-57
1615528007,-56
1615528008,-57
1615528009,-56
1615528010,-57
1615528011,-56
1615528013,-57
1615528014,-57
1615528015,-56
1615528016,-56
1615528018,-57
1615528019,-57
1615528020,-57
1615528021,-56
1615528022,-57
1615528024,-57
1615528025,-57
1615528026,-56
1615528027,-57
1615528029,-56
1615528030,-57
1615528031,-56
1615528032,-57
1615528033,-57
1615528035,-57
1615528036,-56
1615528037,-56
1615528038,-57
1615528040,-57
1615528041,-56
1615528042,-56
1615528043,-56
1615528045,-56
1615528046,-56
1615528047,-56
1615528048,-56
1615528049,-56
1615528051,-56
1615528052,-56
1615528053,-56
1615528054,-56
1615528056,-56
1615528057,-56
1615528058,-56
1615528059,-57
1615528060,-56
1615528062,-56
1615528063,-56
1615528064,-56
1615528065,-57
1615528067,-56
1615528068,-57
1615528069,-56
1615528070,-56
1615528071,-56
1615528073,-56
1615528074,-56
1615528075,-56
1615528076,-56
1615528078,-56
1615528079,-57
1615528080,-56
1615528081,-56
1615528083,-56
1615528084,-57
1615528085,-56
1615528086,-56
1615528087,-57
1615528089,-57
1615528090,-56
1615528091,-57
1615528092,-56
1615528094,-57
1615528095,-56
1615528096,-57
1615528097,-56
1615528098,-56
1615528100,-56
1615528101,-57
1615528102,-56
1615528103,-57
1615528105,-56
1615528106,-56
1615528107,-56
1615528108,-56
1615528110,-56
1615528111,-56
1615528112,-56
1615528113,-56
1615528114,-56
1615528116,-56
1615528117,-57
1615528118,-57
1615528119,-56
1615528121,-56
1615528122,-56
1615528123,-57
1615528124,-57
1615528125,-56
1615528127,-57
1615528128,-56
1615528129,-56
1615528130,-56
1615528132,-56
1615528133,-56
1615528134,-57
1615528135,-57
1615528136,-57
1615528138,-57
1615528139,-57
1615528140,-57
1615528141,-57
1615528143,-57
1615528144,-57
1615528145,-57
1615528146,-57
1615528148,-57
1615528149,-57
1615528150,-57
1615528151,-57
1615528152,-57
1615528154,-56
1615528155,-57
1615528156,-57
1615528157,-57
1615528159,-57
1615528160,-57
1615528161,-57
1615528162,-57
1615528163,-57
1615528165,-56
1615528166,-57
1615528167,-57
1615528168,-57
1615528170,-56
1615528171,-57
1615528172,-57
1615528173,-57
1615528174,-57
1615528176,-57
1615528177,-56
1615528178,-57
1615528179,-57
1615528181,-57
1615528182,-57
1615528183,-57
1615528184,-57
1615528186,-56
1615528187,-57
1615528188,-57
1615528189,-57
1615528190,-57
1615528192,-57
1615528193,-56
1615528194,-57
1615528195,-57
1615528197,-57
1615528198,-57
1615528199,-57
1615528200,-57
1615528201,-56
1615528203,-58
1615528204,-56
1615528205,-57
1615528206,-57
1615528208,-57
1615528209,-57
1615528210,-57
1615528211,-57
1615528212,-57
1615528214,-57
1615528215,-56
1615528216,-57
1615528217,-56
1615528219,-57
1615528220,-56
1615528221,-57
1615528222,-57
1615528224,-57
1615528225,-56
1615528226,-57
1615528227,-57
1615528228,-57
1615528230,-57
1615528231,-57
1615528232,-57
1615528233,-57
1615528235,-57
1615528236,-57
1615528237,-57
1615528238,-56
1615528239,-57
1615528241,-57
1615528242,-57
1615528243,-57
1615528244,-57
1615528246,-57
1615528247,-56
1615528248,-57
1615528249,-57
1615528250,-57
1615528252,-57
1615528253,-57
1615528254,-57
1615528255,-57
1615528257,-57
1615528258,-57
1615528259,-56
1615528260,-57
1615528262,-57
1615528263,-57
1615528264,-57
1615528265,-57
1615528266,-57
1615528268,-57
1615528269,-57
1615528270,-58
1615528271,-57
1615528273,-58
1615528274,-57
1615528275,-57
1615528276,-57
1615528277,-57
1615528279,-57
1615528280,-58
1615528281,-57
1615528282,-57
1615528284,-57
1615528285,-57
1615528286,-57
1615528287,-57
1615528288,-57
1615528290,-57
1615528291,-57
1615528292,-58
1615528293,-57
1615528295,-57
1615528296,-57
1615528297,-58
1615528298,-57
1615528300,-57
1615528301,-58
1615528302,-57
1615528303,-58
1615528304,-57
1615528306,-57
1615528307,-56
1615528308,-57
1615528309,-57
1615528311,-57
1615528312,-57
1615528313,-57
1615528314,-57
1615528315,-57
1615528317,-57
1615528318,-57
1615528319,-57
1615528320,-57
1615528322,-57
1615528323,-57
1615528324,-57
1615528325,-57
1615528327,-56
1615528328,-57
1615528329,-57
1615528330,-57
1615528331,-57
1615528333,-57
1615528334,-57
1615528335,-57
1615528336,-57
1615528338,-57
1615528339,-57
1615528340,-57
1615528341,-57
1615528342,-57
1615528344,-58
1615528345,-57
1615528346,-57
1615528347,-57
1615528349,-56
1615528350,-57
1615528351,-56
1615528352,-57
1615528353,-57
1615528355,-56
1615528356,-56
1615528357,-56
1615528358,-56
1615528360,-56
1615528361,-56
1615528362,-57
1615528363,-56
1615528365,-57
1615528366,-56
1615528367,-56
1615528368,-56
1615528369,-56
1615528371,-56
1615528372,-56
1615528373,-56
1615528374,-57
1615528376,-57
1615528377,-57
1615528378,-57
1615528379,-57
1615528380,-57
1615528382,-57
1615528383,-58
1615528384,-58
1615528385,-58
1615528387,-57
1615528388,-57
1615528389,-58
1615528390,-57
1615528391,-58
1615528393,-58
1615528394,-57
1615528395,-58
1615528396,-57
1615528398,-57
1615528399,-57
1615528400,-57
1615528401,-57
1615528403,-57
1615528404,-57
1615528405,-57
1615528406,-57
1615528407,-57
1615528409,-57
1615528410,-57
1615528411,-57
1615528412,-57
1615528414,-57
1615528415,-57
1615528416,-57
1615528417,-57
1615528418,-57
1615528420,-57
1615528421,-57
1615528422,-57
1615528423,-57
1615528425,-57
1615528426,-57
1615528427,-57
1615528428,-57
1615528429,-57
1615528431,-57
1615528432,-57
1615528433,-58
1615528434,-58
1615528436,-58
1615528437,-57
1615528438,-57
1615528439,-57
1615528441,-57
1615528442,-57
1615528443,-57
1615528444,-57
1615528445,-57
1615528447,-57
1615528448,-58
1615528449,-57
1615528450,-57
1615528452,-57
1615528453,-57
1615528454,-57
1615528455,-57
1615528456,-57
1615528458,-57
1615528459,-58
1615528460,-57
1615528461,-58
1615528463,-57
1615528464,-57
1615528465,-57
1615528466,-57
1615528467,-57
1615528469,-57
1615528470,-57
1615528471,-58
1615528472,-57
1615528474,-57
1615528475,-57
1615528476,-57
1615528477,-57
1615528479,-57
1615528480,-56
1615528481,-57
1615528482,-57
1615528483,-57
1615528485,-57
1615528486,-57
1615528487,-57
1615528488,-57
1615528490,-57
1615528491,-57
1615528492,-57
1615528493,-57
1615528494,-57
1615528496,-57
1615528497,-57
1615528498,-58
1615528499,-57
1615528501,-57
1615528502,-58
1615528503,-57
1615528504,-57
1615528505,-57
1615528507,-57
1615528508,-57
1615528509,-58
1615528510,-57
1615528512,-57
1615528513,-57
1615528514,-57
1615528515,-57
1615528517,-58
1615528518,-58
1615528519,-57
1615528520,-58
1615528521,-58
1615528523,-58
1615528524,-57
1615528525,-57
1615528526,-57
1615528528,-57
1615528529,-57
1615528530,-57
1615528531,-57
1615528532,-58
1615528534,-57
1615528535,-57
1615528536,-57
1615528537,-57
1615528539,-57
1615528540,-57
1615528541,-57
1615528542,-57
1615528544,-58
1615528545,-58
1615528546,-58
1615528547,-57
1615528548,-57
1615528550,-57
1615528551,-57
1615528552,-58
1615528553,-58
1615528555,-57
1615528556,-57
1615528557,-57
1615528558,-57
1615528559,-57
1615528561,-58
1615528562,-57
1615528563,-58
1615528564,-58
1615528566,-57
1615528567,-57
1615528568,-57
1615528569,-57
1615528570,-57
1615528572,-57
1615528573,-58
1615528574,-58
1615528575,-58
1615528577,-58
1615528578,-57
1615528579,-57
1615528580,-57
1615528582,-57
1615528583,-57
1615528584,-58
1615528585,-57
1615528586,-57
1615528588,-57
1615528589,-57
1615528590,-58
1615528591,-57
1615528593,-57
1615528594,-58
1615528595,-58
1615528596,-58
1615528597,-58
1615528599,-57
1615528600,-57
1615528601,-55
1615528602,-60
1615528604,-57
1615528605,-57
1615528606,-58
1615528607,-57
1615528608,-58
1615528610,-59
1615528611,-59
1615528612,-55
1615528613,-54
1615528615,-53
1615528616,-53
1615528617,-53
1615528618,-53
1615528620,-54
1615528621,-58
1615528622,-56
1615528623,-57
1615528624,-58
1615528626,-57
1615528627,-57
1615528628,-58
1615528629,-58
1615528631,-57
1615528632,-58
1615528633,-57
1615528634,-58
1615528635,-57
1615528637,-58
1615528638,-57
1615528639,-58
1615528640,-57
1615528642,-57
1615528643,-58
1615528644,-57
1615528645,-57
1615528646,-58
1615528648,-57
1615528649,-57
1615528650,-57
1615528651,-57
1615528653,-57
1615528654,-57
1615528655,-57
1615528656,-57
1615528658,-57
1615528659,-57
1615528660,-57
1615528661,-57
1615528662,-57
1615528664,-57
1615528665,-57
1615528666,-57
1615528667,-57
1615528669,-57
1615528670,-57
1615528671,-58
1615528672,-58
1615528673,-57
1615528675,-57
1615528676,-57
1615528677,-57
1615528678,-57
1615528680,-57
1615528681,-57
1615528682,-57
1615528683,-57
1615528684,-57
1615528686,-58
1615528687,-57
1615528688,-57
1615528689,-57
1615528691,-57
1615528692,-57
1615528693,-57
1615528694,-57
1615528696,-58
1615528697,-57
1615528698,-58
1615528699,-57
1615528700,-57
1615528702,-57
1615528703,-57
1615528704,-57
1615528705,-57
1615528707,-58
1615528708,-58
1615528709,-58
1615528710,-58
1615528711,-57
1615528713,-57
1615528714,-58
1615528715,-57
1615528716,-58
1615528718,-57
1615528719,-58
1615528720,-57
1615528721,-58
1615528722,-57
1615528724,-57
1615528725,-57
1615528726,-57
1615528727,-57
1615528729,-58
1615528730,-57
1615528731,-57
1615528732,-58
1615528734,-58
1615528735,-57
1615528736,-57
1615528737,-58
1615528738,-57
1615528740,-57
1615528741,-58
1615528742,-57
1615528743,-58
1615528745,-57
1615528746,-57
1615528747,-57
1615528748,-57
1615528749,-57
1615528751,-57
1615528752,-58
1615528753,-57
1615528754,-57
1615528756,-57
1615528757,-58
1615528758,-57
1615528759,-57
1615528761,-58
1615528762,-58
1615528763,-57
1615528764,-57
1615528765,-57
1615528767,-57
1615528768,-57
1615528769,-57
1615528770,-57
1615528772,-58
1615528773,-58
1615528774,-58
1615528775,-57
1615528776,-57
1615528778,-57
1615528779,-58
1615528780,-58
1615528781,-58
1615528783,-58
1615528784,-57
1615528785,-58
1615528786,-57
1615528787,-57
1615528789,-57
1615528790,-57
1615528791,-57
1615528792,-58
1615528794,-57
1615528795,-58
1615528796,-57
1615528797,-57
1615528799,-57
1615528800,-57
1615528801,-57
1615528802,-58
1615528803,-57
1615528805,-58
1615528806,-57
1615528807,-58
1615528808,-57
1615528810,-58
1615528811,-58
1615528812,-58
1615528813,-57
1615528814,-57
1615528816,-57
1615528817,-57
1615528818,-57
1615528819,-57
1615528821,-58
1615528822,-58
1615528823,-57
1615528824,-58
1615528825,-57
1615528827,-57
1615528828,-57
1615528829,-58
1615528830,-58
1615528832,-57
1615528833,-58
1615528834,-58
1615528835,-58
1615528837,-57
1615528838,-57
1615528839,-57
1615528840,-57
1615528841,-57
1615528843,-58
1615528844,-57
1615528845,-57
1615528846,-57
1615528848,-57
1615528849,-57
1615528850,-57
1615528851,-57
1615528852,-58
1615528854,-58
1615528855,-58
1615528856,-58
1615528857,-58
1615528859,-58
1615528860,-58
1615528861,-58
1615528862,-58
1615528863,-58
1615528865,-58
1615528866,-58
1615528867,-58
1615528868,-57
1615528870,-58
1615528871,-57
1615528872,-57
1615528873,-57
1615528875,-58
1615528876,-57
1615528877,-58
1615528878,-57
1615528879,-58
1615528881,-58
1615528882,-57
1615528883,-57
1615528884,-58
1615528886,-57
1615528887,-57
1615528888,-57
1615528889,-57
1615528890,-57
1615528892,-57
1615528893,-55
1615528894,-59
1615528895,-61
1615528897,-60
1615528898,-57
1615528899,-58
1615528900,-57
1615528901,-57
1615528903,-57
1615528904,-57
1615528905,-57
1615528906,-57
1615528908,-57
1615528909,-57
1615528910,-57
1615528911,-57
1615528913,-57
1615528914,-58
1615528915,-57
1615528916,-58
1615528917,-58
1615528919,-58
1615528920,-58
1615528921,-58
1615528922,-58
1615528924,-58
1615528925,-58
1615528926,-57
1615528927,-58
1615528928,-58
1615528930,-58
1615528931,-58
1615528932,-58
1615528933,-57
1615528935,-58
1615528936,-58
1615528937,-58
1615528938,-58
1615528939,-58
1615528941,-58
1615528942,-61
1615528943,-57
1615528944,-56
1615528946,-58
1615528947,-58
1615528948,-58
1615528949,-58
1615528951,-58
1615528952,-58
1615528953,-57
1615528954,-57
1615528955,-58
1615528957,-58
1615528958,-58
1615528959,-58
1615528960,-59
1615528962,-57
1615528963,-58
1615528964,-58
1615528965,-58
1615528966,-58
1615528968,-57
1615528969,-58
1615528970,-58
1615528971,-58
1615528973,-57
1615528974,-57
1615528975,-57
1615528976,-58
1615528978,-57
1615528979,-58
1615528980,-58
1615528981,-58
1615528982,-57
1615528984,-58
1615528985,-58
1615528986,-58
1615528987,-58
1615528989,-58
1615528990,-58
1615528991,-58
1615528992,-58
1615528993,-58
1615528995,-58
1615528996,-58
1615528997,-58
1615528998,-58
1615529000,-58
1615529001,-58
1615529002,-58
1615529003,-58
1615529004,-58
1615529006,-58
1615529007,-58
1615529008,-57
1615529009,-58
1615529011,-58
1615529012,-58
1615529013,-58
1615529014,-57
1615529016,-58
1615529017,-58
1615529018,-57
1615529019,-58
1615529020,-57
1615529022,-58
1615529023,-57
1615529024,-58
1615529025,-57
1615529027,-57
1615529028,-57
1615529029,-57
1615529030,-58
1615529031,-57
1615529033,-58
1615529034,-58
1615529035,-58
1615529036,-58
1615529038,-58
1615529039,-58
1615529040,-58
1615529041,-58
1615529042,-58
1615529044,-58
1615529045,-58
1615529046,-57
1615529047,-57
1615529049,-57
1615529050,-57
1615529051,-58
1615529052,-57
1615529054,-58
1615529055,-58
1615529056,-58
1615529057,-58
1615529058,-58
1615529060,-58
1615529061,-58
1615529062,-58
1615529063,-58
1615529065,-58
1615529066,-58
1615529067,-58
1615529068,-58
1615529069,-58
1615529071,-58
1615529072,-57
1615529073,-58
1615529074,-57
1615529076,-58
1615529077,-58
1615529078,-58
1615529079,-58
1615529080,-57
1615529082,-58
1615529083,-58
1615529084,-58
1615529085,-57
1615529087,-58
1615529088,-58
1615529089,-57
1615529090,-58
1615529092,-58
1615529093,-57
1615529094,-58
1615529095,-58
1615529096,-58
1615529098,-58
1615529099,-58
1615529100,-58
1615529101,-58
1615529103,-58
1615529104,-58
1615529105,-58
1615529106,-58
1615529107,-58
1615529109,-58
1615529110,-58
1615529111,-58
1615529112,-58
1615529114,-57
1615529115,-58
1615529116,-58
1615529117,-58
1615529118,-57
1615529120,-58
1615529121,-58
1615529122,-58
1615529123,-58
1615529125,-59
1615529126,-58
1615529127,-57
1615529128,-58
1615529130,-58
1615529131,-58
1615529132,-58
1615529133,-58
1615529134,-59
1615529136,-58
1615529137,-58
1615529138,-58
1615529139,-58
1615529141,-58
1615529142,-58
1615529143,-58
1615529144,-57
1615529145,-57
1615529147,-57
1615529148,-58
1615529149,-57
1615529150,-58
1615529152,-58
1615529153,-58
1615529154,-58
1615529155,-58
1615529156,-58
1615529158,-58
1615529159,-58
1615529160,-58
1615529161,-57
1615529163,-57
1615529164,-57
1615529165,-58
1615529166,-57
1615529168,-58
1615529169,-58
1615529170,-58
1615529171,-58
1615529172,-58
1615529174,-58
1615529175,-58
1615529176,-58
1615529177,-58
1615529179,-58
1615529180,-57
1615529181,-57
1615529182,-57
1615529183,-57
1615529185,-57
1615529186,-58
1615529187,-58
1615529188,-58
1615529190,-57
1615529191,-57
1615529192,-58
1615529193,-58
1615529194,-58
1615529196,-59
1615529197,-58
1615529198,-58
1615529199,-58
1615529201,-58
1615529202,-57
1615529203,-57
1615529204,-57
1615529206,-58
1615529207,-57
1615529208,-57
1615529209,-57
1615529210,-57
1615529212,-57
1615529213,-57
1615529214,-58
1615529215,-57
1615529217,-58
1615529218,-57
1615529219,-58
1615529220,-57
1615529221,-58
1615529223,-57
1615529224,-58
1615529225,-57
1615529226,-57
1615529228,-58
1615529229,-57
1615529230,-58
1615529231,-58
1615529232,-58
1615529234,-57
1615529235,-58
1615529236,-58
1615529237,-58
1615529239,-57
1615529240,-58
1615529241,-57
1615529242,-57
1615529244,-57
1615529245,-58
1615529246,-58
1615529247,-58
1615529248,-58
1615529250,-58
1615529251,-58
1615529252,-58
1615529253,-58
1615529255,-58
1615529256,-58
1615529257,-58
1615529258,-58
1615529259,-58
1615529261,-58
1615529262,-58
1615529263,-58
1615529264,-58
1615529266,-58
1615529267,-58
1615529268,-57
1615529269,-58
1615529271,-58
1615529272,-58
1615529273,-58
1615529274,-58
1615529275,-58
1615529277,-57
1615529278,-58
1615529279,-58
1615529280,-59
1615529282,-58
1615529283,-58
1615529284,-58
1615529285,-57
1615529286,-58
1615529288,-57
1615529289,-58
1615529290,-58
1615529291,-58
1615529293,-58
1615529294,-58
1615529295,-58
1615529296,-58
1615529297,-58
1615529299,-58
1615529300,-58
1615529301,-58
1615529302,-58
1615529304,-58
1615529305,-58
1615529306,-58
1615529307,-58
1615529309,-58
1615529310,-57
1615529311,-58
1615529312,-58
1615529313,-58
1615529315,-57
1615529316,-58
1615529317,-58
1615529318,-58
1615529320,-58
1615529321,-58
1615529322,-58
1615529323,-58
1615529324,-58
1615529326,-58
1615529327,-58
1615529328,-59
1615529329,-58
1615529331,-58
1615529332,-57
1615529333,-58
1615529334,-58
1615529335,-58
1615529337,-57
1615529338,-57
1615529339,-58
1615529340,-57
1615529342,-57
1615529343,-57
1615529344,-58
1615529345,-57
1615529347,-57
1615529348,-58
1615529349,-57
1615529350,-57
1615529351,-57
1615529353,-57
1615529354,-57
1615529355,-57
1615529356,-58
1615529358,-58
1615529359,-58
1615529360,-58
1615529361,-57
1615529362,-57
1615529364,-58
1615529365,-57
1615529366,-58
1615529367,-57
1615529369,-57
1615529370,-57
1615529371,-57
1615529372,-58
1615529373,-58
1615529375,-57
1615529376,-57
1615529377,-58
1615529378,-58
1615529380,-57
1615529381,-58
1615529382,-58
1615529383,-58
1615529385,-58
1615529386,-58
1615529387,-58
1615529388,-57
1615529389,-57
1615529391,-58
1615529392,-58
1615529393,-58
1615529394,-58
1615529396,-57
1615529397,-58
1615529398,-57
1615529399,-58
1615529400,-57
1615529402,-58
1615529403,-58
1615529404,-58
1615529405,-58
1615529407,-58
1615529408,-57
1615529409,-58
1615529410,-58
1615529411,-58
1615529413,-58
1615529414,-57
1615529415,-58
1615529416,-58
1615529418,-58
1615529419,-57
1615529420,-57
1615529421,-57
1615529423,-57
1615529424,-57
1615529425,-57
1615529426,-57
1615529427,-58
1615529429,-57
1615529430,-58
1615529431,-57
1615529432,-57
1615529434,-58
1615529435,-58
1615529436,-58
1615529437,-58
1615529438,-58
1615529440,-58
1615529441,-58
1615529442,-58
1615529443,-57
1615529445,-58
1615529446,-58
1615529447,-58
1615529448,-58
1615529450,-58
1615529451,-58
1615529452,-58
1615529453,-58
1615529454,-57
1615529456,-58
1615529457,-57
1615529458,-58
1615529459,-58
1615529461,-58
1615529462,-57
1615529463,-58
1615529464,-57
1615529465,-57
1615529467,-57
1615529468,-57
1615529469,-57
1615529470,-57
1615529472,-58
1615529473,-58
1615529474,-58
1615529475,-57
1615529476,-58
1615529478,-58
1615529479,-58
1615529480,-58
1615529481,-58
1615529483,-58
1615529484,-57
1615529485,-58
1615529486,-58
1615529488,-57
1615529489,-58
1615529490,-57
1615529491,-58
1615529492,-58
1615529494,-58
1615529495,-58
1615529496,-58
1615529497,-58
1615529499,-58
1615529500,-58
1615529501,-58
1615529502,-58
1615529503,-58
1615529505,-57
1615529506,-57
1615529507,-57
1615529508,-58
1615529510,-58
1615529511,-58
1615529512,-58
1615529513,-58
1615529514,-58
1615529516,-58
1615529517,-57
1615529518,-58
1615529519,-58
1615529521,-58
1615529522,-58
1615529523,-58
1615529524,-57
1615529526,-58
1615529527,-58
1615529528,-57
1615529529,-58
1615529530,-58
1615529532,-58
1615529533,-57
1615529534,-58
1615529535,-58
1615529537,-58
1615529538,-57
1615529539,-58
1615529540,-58
1615529541,-57
1615529543,-58
1615529544,-58
1615529545,-58
1615529546,-58
1615529548,-58
1615529549,-58
1615529550,-58
1615529551,-58
1615529552,-58
1615529554,-58
1615529555,-57
1615529556,-58
1615529557,-58
1615529559,-58
1615529560,-58
1615529561,-58
1615529562,-58
1615529564,-58
1615529565,-58
1615529566,-58
1615529567,-58
1615529568,-58
1615529570,-58
1615529571,-58
1615529572,-58
1615529573,-57
1615529575,-58
1615529576,-58
1615529577,-58
1615529578,-58
1615529579,-58
1615529581,-58
1615529582,-58
1615529583,-58
1615529584,-57
1615529586,-57
1615529587,-57
1615529588,-57
1615529589,-59
1615529590,-58
1615529592,-57
1615529593,-58
1615529594,-56
1615529595,-53
1615529597,-58
1615529598,-59
1615529599,-58
1615529600,-59
1615529602,-57
1615529603,-59
1615529604,-59
1615529605,-59
1615529606,-58
1615529608,-57
1615529609,-57
1615529610,-58
1615529611,-57
1615529613,-56
1615529614,-56
1615529615,-56
1615529616,-56
1615529617,-58
1615529619,-58
1615529620,-58
1615529621,-58
1615529622,-58
1615529624,-58
1615529625,-58
1615529626,-58
1615529627,-58
1615529629,-58
1615529630,-58
1615529631,-58
1615529632,-58
1615529633,-58
1615529635,-58
1615529636,-58
1615529637,-58
1615529638,-58
1615529640,-58
1615529641,-58
1615529642,-58
1615529643,-58
1615529644,-57
1615529646,-57
1615529647,-58
1615529648,-58
1615529649,-58
1615529651,-58
1615529652,-58
1615529653,-58
1615529654,-58
1615529655,-58
1615529657,-58
1615529658,-58
1615529659,-58
1615529660,-58
1615529662,-58
1615529663,-58
1615529664,-58
1615529665,-58
1615529667,-58
1615529668,-58
1615529669,-58
1615529670,-58
1615529671,-58
1615529673,-58
1615529674,-57
1615529675,-58
1615529676,-58
1615529678,-58
1615529679,-58
1615529680,-58
1615529681,-57
1615529682,-58
1615529684,-58
1615529685,-58
1615529686,-57
1615529687,-58
1615529689,-58
1615529690,-58
1615529691,-58
1615529692,-58
1615529693,-58
1615529695,-58
1615529696,-58
1615529697,-58
1615529698,-58
1615529700,-58
1615529701,-58
1615529702,-57
1615529703,-58
1615529705,-58
1615529706,-58
1615529707,-57
1615529708,-58
1615529709,-58
1615529711,-58
1615529712,-58
1615529713,-58
1615529714,-58
1615529716,-57
1615529717,-57
1615529718,-58
1615529719,-58
1615529720,-58
1615529722,-58
1615529723,-58
1615529724,-57
1615529725,-58
1615529727,-57
1615529728,-58
1615529729,-57
1615529730,-57
1615529731,-58
1615529733,-58
1615529734,-58
1615529735,-57
1615529736,-58
1615529738,-57
1615529739,-58
1615529740,-58
1615529741,-57
1615529743,-58
1615529744,-57
1615529745,-57
1615529746,-58
1615529747,-57
1615529749,-58
1615529750,-58
1615529751,-58
1615529752,-58
1615529754,-58
1615529755,-58
1615529756,-58
1615529757,-58
1615529758,-58
1615529760,-58
1615529761,-57
1615529762,-58
1615529763,-58
1615529765,-58
1615529766,-57
1615529767,-58
1615529768,-57
1615529769,-58
1615529771,-58
1615529772,-58
1615529773,-58
1615529774,-58
1615529776,-58
1615529777,-58
1615529778,-58
1615529779,-58
1615529781,-58
1615529782,-58
1615529783,-59
1615529784,-57
1615529785,-58
1615529787,-58
1615529788,-57
1615529789,-58
1615529790,-58
1615529792,-58
1615529793,-57
1615529794,-58
1615529795,-58
1615529796,-58
1615529798,-58
1615529799,-58
1615529800,-58
1615529801,-58
1615529803,-58
1615529804,-58
1615529805,-58
1615529806,-58
1615529807,-58
1615529809,-57
1615529810,-58
1615529811,-57
1615529812,-58
1615529814,-57
1615529815,-57
1615529816,-58
1615529817,-58
1615529819,-58
1615529820,-58
1615529821,-58
1615529822,-58
1615529823,-58
1615529825,-58
1615529826,-58
1615529827,-57
1615529828,-58
1615529830,-57
1615529831,-58
1615529832,-58
1615529833,-58
1615529834,-57
1615529836,-57
1615529837,-57
1615529838,-58
1615529839,-57
1615529841,-58
1615529842,-57
1615529843,-57
1615529844,-57
1615529846,-57
1615529847,-57
1615529848,-58
1615529849,-58
1615529850,-57
1615529852,-57
1615529853,-57
1615529854,-57
1615529855,-57
1615529857,-57
1615529858,-58
1615529859,-58
1615529860,-58
1615529861,-57
1615529863,-57
1615529864,-57
1615529865,-57
1615529866,-57
1615529868,-57
1615529869,-57
1615529870,-58
1615529871,-58
1615529872,-58
1615529874,-57
1615529875,-58
1615529876,-58
1615529877,-58
1615529879,-57
1615529880,-58
1615529881,-57
1615529882,-57
1615529884,-58
1615529885,-58
1615529886,-58
1615529887,-58
1615529888,-58
1615529890,-58
1615529891,-57
1615529892,-58
1615529893,-58
1615529895,-58
1615529896,-58
1615529897,-58
1615529898,-58
1615529899,-58
1615529901,-58
1615529902,-58
1615529903,-58
1615529904,-58
1615529906,-58
1615529907,-58
1615529908,-58
1615529909,-58
1615529910,-58
1615529912,-58
1615529913,-57
1615529914,-58
1615529915,-57
1615529917,-58
1615529918,-57
1615529919,-58
1615529920,-58
1615529922,-58
1615529923,-58
1615529924,-58
1615529925,-58
1615529926,-58
1615529928,-57
1615529929,-57
1615529930,-57
1615529931,-58
1615529933,-58
1615529934,-58
1615529935,-58
1615529936,-58
1615529937,-57
1615529939,-57
1615529940,-58
1615529941,-57
1615529942,-58
1615529944,-58
1615529945,-58
1615529946,-58
1615529947,-58
1615529948,-58
1615529950,-57
1615529951,-58
1615529952,-57
1615529953,-58
1615529955,-58
1615529956,-58
1615529957,-58
1615529958,-58
1615529960,-58
1615529961,-58
1615529962,-58
1615529963,-58
1615529964,-57
1615529966,-57
1615529967,-57
1615529968,-57
1615529969,-58
1615529971,-58
1615529972,-57
1615529973,-57
1615529974,-57
1615529975,-58
1615529977,-58
1615529978,-58
1615529979,-57
1615529980,-57
1615529982,-58
1615529983,-58
1615529984,-58
1615529985,-58
1615529986,-58
1615529988,-57
1615529989,-58
1615529990,-57
1615529991,-57
1615529993,-58
1615529994,-58
1615529995,-58
1615529996,-57
1615529998,-58
1615529999,-58
1615530000,-57
1615530001,-58
1615530002,-57
1615530004,-57
1615530005,-57
1615530006,-58
1615530007,-57
1615530009,-58
1615530010,-58
1615530011,-57
1615530012,-58
1615530013,-57
1615530015,-58
1615530016,-58
1615530017,-58
1615530018,-58
1615530020,-58
1615530021,-58
1615530022,-57
1615530023,-57
1615530024,-58
1615530026,-58
1615530027,-59
1615530028,-58
1615530029,-58
1615530031,-58
1615530032,-58
1615530033,-58
1615530034,-58
1615530036,-58
1615530037,-58
1615530038,-57
1615530039,-58
1615530040,-57
1615530042,-57
1615530043,-57
1615530044,-58
1615530045,-58
1615530047,-58
1615530048,-58
1615530049,-58
1615530050,-58
1615530051,-58
1615530053,-58
1615530054,-58
1615530055,-58
1615530056,-58
1615530058,-58
1615530059,-58
1615530060,-58
1615530061,-58
1615530062,-58
1615530064,-57
1615530065,-58
1615530066,-57
1615530067,-58
1615530069,-57
1615530070,-58
1615530071,-58
1615530072,-58
1615530074,-58
1615530075,-57
1615530076,-57
1615530077,-57
1615530078,-58
1615530080,-58
1615530081,-57
1615530082,-58
1615530083,-57
1615530085,-58
1615530086,-58
1615530087,-58
1615530088,-58
1615530089,-58
1615530091,-58
1615530092,-58
1615530093,-58
1615530094,-58
1615530096,-58
1615530097,-57
1615530098,-58
1615530099,-57
1615530101,-58
1615530102,-57
1615530103,-58
1615530104,-58
1615530105,-58
1615530107,-57
1615530108,-58
1615530109,-58
1615530110,-58
1615530112,-58
1615530113,-58
1615530114,-58
1615530115,-57
1615530116,-58
1615530118,-57
1615530119,-58
1615530120,-58
1615530121,-58
1615530123,-57
1615530124,-58
1615530125,-58
1615530126,-58
1615530127,-57
1615530129,-57
1615530130,-57
1615530131,-58
1615530132,-58
1615530134,-58
1615530135,-58
1615530136,-57
1615530137,-57
1615530139,-57
1615530140,-58
1615530141,-58
1615530142,-57
1615530143,-57
1615530145,-58
1615530146,-57
1615530147,-58
1615530148,-58
1615530150,-58
1615530151,-58
1615530152,-58
1615530153,-58
1615530154,-57
1615530156,-58
1615530157,-58
1615530158,-58
1615530159,-58
1615530161,-58
1615530162,-58
1615530163,-57
1615530164,-58
1615530165,-58
1615530167,-58
1615530168,-58
1615530169,-58
1615530170,-57
1615530172,-58
1615530173,-58
1615530174,-58
1615530175,-57
1615530177,-58
1615530178,-58
1615530179,-57
1615530180,-58
1615530181,-57
1615530183,-58
1615530184,-58
1615530185,-57
1615530186,-58
1615530188,-58
1615530189,-57
1615530190,-57
1615530191,-58
1615530192,-58
1615530194,-57
1615530195,-58
1615530196,-57
1615530197,-58
1615530199,-58
1615530200,-58
1615530201,-58
1615530202,-57
1615530203,-58
1615530205,-58
1615530206,-58
1615530207,-58
1615530208,-58
1615530210,-58
1615530211,-58
1615530212,-58
1615530213,-58
1615530215,-58
1615530216,-58
1615530217,-58
1615530218,-57
1615530219,-58
1615530221,-58
1615530222,-57
1615530223,-58
1615530224,-58
1615530226,-58
1615530227,-57
1615530228,-58
1615530229,-58
1615530230,-58
1615530232,-57
1615530233,-57
1615530234,-57
1615530235,-57
1615530237,-57
1615530238,-57
1615530239,-57
1615530240,-57
1615530241,-57
1615530243,-58
1615530244,-57
1615530245,-58
1615530246,-57
1615530248,-58
1615530249,-58
1615530250,-58
1615530251,-58
1615530253,-58
1615530254,-57
1615530255,-58
1615530256,-58
1615530257,-57
1615530259,-58
1615530260,-57
1615530261,-57
1615530262,-58
1615530264,-57
1615530265,-58
1615530266,-58
1615530267,-57
1615530268,-58
1615530270,-58
1615530271,-58
1615530272,-58
1615530273,-58
1615530275,-57
1615530276,-58
1615530277,-58
1615530278,-58
1615530279,-58
1615530281,-58
1615530282,-58
1615530283,-58
1615530284,-58
1615530286,-58
1615530287,-57
1615530288,-57
1615530289,-58
1615530291,-58
1615530292,-58
1615530293,-57
1615530294,-57
1615530295,-57
1615530297,-58
1615530298,-57
1615530299,-57
1615530300,-57
1615530302,-57
1615530303,-57
1615530304,-58
1615530305,-57
1615530306,-57
1615530308,-57
1615530309,-58
1615530310,-57
1615530311,-58
1615530313,-58
1615530314,-57
1615530315,-57
1615530316,-58
1615530317,-58
1615530319,-58
1615530320,-58
1615530321,-58
1615530322,-58
1615530324,-58
1615530325,-58
1615530326,-58
1615530327,-57
1615530329,-58
1615530330,-57
1615530331,-58
1615530332,-58
1615530333,-57
1615530335,-57
1615530336,-57
1615530337,-57
1615530338,-57
1615530340,-58
1615530341,-57
1615530342,-56
1615530343,-57
1615530344,-58
1615530346,-57
1615530347,-57
1615530348,-57
1615530349,-57
1615530351,-57
1615530352,-57
1615530353,-57
1615530354,-58
1615530356,-58
1615530357,-58
1615530358,-58
1615530359,-58
1615530360,-58
1615530362,-57
1615530363,-58
1615530364,-57
1615530365,-58
1615530367,-58
1615530368,-58
1615530369,-58
1615530370,-58
1615530371,-59
1615530373,-58
1615530374,-57
1615530375,-58
1615530376,-58
1615530378,-58
1615530379,-57
1615530380,-57
1615530381,-58
1615530382,-58
1615530384,-57
1615530385,-58
1615530386,-58
1615530387,-57
1615530389,-58
1615530390,-57
1615530391,-58
1615530392,-57
1615530394,-58
1615530395,-58
1615530396,-57
1615530397,-57
1615530398,-58
1615530400,-58
1615530401,-58
1615530402,-58
1615530403,-58
1615530405,-58
1615530406,-58
1615530407,-58
1615530408,-58
1615530409,-58
1615530411,-57
1615530412,-58
1615530413,-58
1615530414,-58
1615530416,-57
1615530417,-58
1615530418,-58
1615530419,-58
1615530420,-58
1615530422,-58
1615530423,-58
1615530424,-58
1615530425,-58
1615530427,-58
1615530428,-58
1615530429,-58
1615530430,-58
1615530432,-58
1615530433,-58
1615530434,-58
1615530435,-58
1615530436,-58
1615530438,-57
1615530439,-57
1615530440,-58
1615530441,-58
1615530443,-58
1615530444,-58
1615530445,-58
1615530446,-58
1615530447,-58
1615530449,-58
1615530450,-58
1615530451,-58
1615530452,-58
1615530454,-58
1615530455,-58
1615530456,-58
1615530457,-58
1615530458,-58
1615530460,-58
1615530461,-58
1615530462,-57
1615530463,-58
1615530465,-57
1615530466,-58
1615530467,-58
1615530468,-58
1615530470,-58
1615530471,-58
1615530472,-58
1615530473,-58
1615530474,-58
1615530476,-58
1615530477,-58
1615530478,-58
1615530479,-58
1615530481,-58
1615530482,-58
1615530483,-58
1615530484,-57
1615530485,-58
1615530487,-58
1615530488,-58
1615530489,-58
1615530490,-57
1615530492,-58
1615530493,-58
1615530494,-57
1615530495,-58
1615530496,-57
1615530498,-58
1615530499,-57
1615530500,-57
1615530501,-59
1615530503,-58
1615530504,-58
1615530505,-57
1615530506,-58
1615530508,-58
1615530509,-61
1615530510,-54
1615530511,-57
1615530512,-57
1615530514,-58
1615530515,-57
1615530516,-57
1615530517,-57
1615530519,-58
1615530520,-58
1615530521,-58
1615530522,-58
1615530523,-58
1615530525,-58
1615530526,-57
1615530527,-57
1615530528,-57
1615530530,-58
1615530531,-58
1615530532,-58
1615530533,-58
1615530535,-58
1615530536,-58
1615530537,-57
1615530538,-58
1615530539,-57
1615530541,-58
1615530542,-57
1615530543,-58
1615530544,-57
1615530546,-57
1615530547,-57
1615530548,-57
1615530549,-58
1615530550,-58
1615530552,-57
1615530553,-58
1615530554,-58
1615530555,-58
1615530557,-58
1615530558,-58
1615530559,-58
1615530560,-58
1615530561,-57
1615530563,-58
1615530564,-58
1615530565,-57
1615530566,-57
1615530568,-57
1615530569,-57
1615530570,-57
1615530571,-57
1615530573,-57
1615530574,-57
1615530575,-57
1615530576,-57
1615530577,-57
1615530579,-58
1615530580,-57
1615530581,-58
1615530582,-57
1615530584,-58
1615530585,-58
1615530586,-57
1615530587,-58
1615530588,-57
1615530590,-58
1615530591,-57
1615530592,-58
1615530593,-57
1615530595,-57
1615530596,-57
1615530597,-57
1615530598,-57
1615530599,-57
1615530601,-57
1615530602,-58
1615530603,-58
1615530604,-58
1615530606,-58
1615530607,-57
1615530608,-58
1615530609,-57
1615530611,-58
1615530612,-58
1615530613,-57
1615530614,-57
1615530615,-58
1615530617,-57
1615530618,-57
1615530619,-57
1615530620,-58
1615530622,-57
1615530623,-58
1615530624,-57
1615530625,-58
1615530626,-57
1615530628,-57
1615530629,-57
1615530630,-57
1615530631,-58
1615530633,-58
1615530634,-57
1615530635,-57
1615530636,-57
1615530637,-57
1615530639,-57
1615530640,-57
1615530641,-57
1615530642,-57
1615530644,-57
1615530645,-57
1615530646,-57
1615530647,-57
1615530649,-57
1615530650,-57
1615530651,-57
1615530652,-57
1615530653,-58
1615530655,-57
1615530656,-58
1615530657,-57
1615530658,-57
1615530660,-57
1615530661,-58
1615530662,-58
1615530663,-58
1615530664,-57
1615530666,-58
1615530667,-57
1615530668,-57
1615530669,-57
1615530671,-57
1615530672,-57
1615530673,-57
1615530674,-57
1615530675,-57
1615530677,-58
1615530678,-57
1615530679,-58
1615530680,-58
1615530682,-57
1615530683,-57
1615530684,-57
1615530685,-57
1615530687,-57
1615530688,-57
1615530689,-57
1615530690,-57
1615530691,-57
1615530693,-57
1615530694,-57
1615530695,-57
1615530696,-57
1615530698,-57
1615530699,-57
1615530700,-57
1615530701,-57
1615530702,-57
1615530704,-57
1615530705,-57
1615530706,-57
1615530707,-57
1615530709,-57
1615530710,-57
1615530711,-56
1615530712,-57
1615530714,-57
1615530715,-57
1615530716,-57
1615530717,-57
1615530718,-57
1615530720,-57
1615530721,-57
1615530722,-58
1615530723,-57
1615530725,-58
1615530726,-57
1615530727,-58
1615530728,-57
1615530729,-59
1615530731,-57
1615530732,-57
1615530733,-58
1615530734,-58
1615530736,-58
1615530737,-58
1615530738,-57
1615530739,-58
1615530740,-57
1615530742,-57
1615530743,-58
1615530744,-57
1615530745,-57
1615530747,-57
1615530748,-57
1615530749,-58
1615530750,-57
1615530752,-58
1615530753,-58
1615530754,-57
1615530755,-57
1615530756,-57
1615530758,-57
1615530759,-57
1615530760,-57
1615530761,-58
1615530763,-57
1615530764,-58
1615530765,-57
1615530766,-57
1615530767,-58
1615530769,-57
1615530770,-57
1615530771,-57
1615530772,-58
1615530774,-57
1615530775,-57
1615530776,-57
1615530777,-57
1615530778,-58
1615530780,-57
1615530781,-57
1615530782,-58
1615530783,-57
1615530785,-56
1615530786,-55
1615530787,-56
1615530788,-56
1615530790,-55
1615530791,-55
1615530792,-56
1615530793,-56
1615530794,-56
1615530796,-55
1615530797,-54
1615530798,-53
1615530799,-57
1615530801,-57
1615530802,-57
1615530803,-57
1615530804,-56
1615530805,-54
1615530807,-52
1615530808,-70
1615530809,-61
1615530810,-64
1615530812,-65
1615530813,-71
1615530814,-68
1615530815,-64
1615530816,-64
1615530818,-60
1615530819,-62
1615530820,-57
1615530821,-58
1615530823,-55
1615530824,-56
1615530825,-56
1615530826,-59
1615530828,-55
1615530829,-60
1615530830,-56
1615530831,-53
1615530832,-54
1615530834,-57
1615530835,-57
1615530836,-57
1615530837,-58
1615530839,-54
1615530840,-54
1615530841,-54
1615530842,-59
1615530843,-60
1615530845,-58
1615530846,-58
1615530847,-58
1615530848,-58
1615530850,-58
1615530851,-58
1615530852,-58
1615530853,-57
1615530854,-64
1615530856,-56
1615530857,-61
1615530858,-58
1615530859,-57
1615530861,-55
1615530862,-56
1615530863,-74
1615530864,-61
1615530866,-57
1615530867,-54
1615530868,-64
1615530869,-50
1615530870,-50
1615530872,-50
1615530873,-50
1615530874,-52
1615530875,-52
1615530877,-51
1615530878,-51
1615530879,-52
1615530880,-58
1615530881,-58
1615530883,-55
1615530884,-53
1615530885,-54
1615530886,-55
1615530888,-53
1615530889,-55
1615530890,-53
1615530891,-52
1615530893,-52
1615530894,-54
1615530895,-58
1615530896,-58
1615530897,-57
1615530899,-58
1615530900,-58
1615530901,-57
1615530902,-59
1615530904,-59
1615530905,-58
1615530906,-57
1615530907,-58
1615530908,-56
1615530910,-61
1615530911,-62
1615530912,-62
1615530913,-62
1615530915,-55
1615530916,-55
1615530917,-56
1615530918,-60
1615530919,-58
1615530921,-60
1615530922,-62
1615530923,-62
1615530924,-69
1615530926,-68
1615530927,-76
1615530928,-70
1615530929,-67
1615530931,-61
1615530932,-60
1615530933,-57
1615530934,-62
1615530935,-61
1615530937,-65
1615530938,-59
1615530939,-56
1615530940,-53
1615530942,-53
1615530943,-52
1615530944,-59
1615530945,-56
1615530946,-60
1615530948,-65
1615530949,-62
1615530950,-71
1615530951,-54
1615530953,-58
1615530954,-55
1615530955,-55
1615530956,-53
1615530957,-51
1615530959,-54
1615530960,-53
1615530961,-56
1615530962,-56
1615530964,-54
1615530965,-53
1615530966,-54
1615530967,-53
1615530969,-53
1615530970,-53
1615530971,-52
1615530972,-53
1615530973,-55
1615530975,-53
1615530976,-53
1615530977,-51
1615530978,-52
1615530980,-52
1615530981,-52
1615530982,-53
1615530983,-54
1615530984,-53
1615530986,-52
1615530987,-53
1615530988,-53
1615530989,-55
1615530991,-52
1615530992,-62
1615530993,-55
1615530994,-54
1615530995,-58
1615530997,-57
1615530998,-59
1615530999,-65
1615531000,-57
1615531002,-65
1615531003,-58
1615531004,-58
1615531005,-58
1615531007,-56
1615531008,-55
1615531009,-56
1615531010,-56
1615531011,-55
1615531013,-55
1615531014,-56
1615531015,-64
1615531016,-62
1615531018,-60
1615531019,-62
1615531020,-61
1615531021,-61
1615531022,-61
1615531024,-64
1615531025,-61
1615531026,-62
1615531027,-70
1615531029,-68
1615531030,-57
1615531031,-59
1615531032,-61
1615531033,-58
1615531035,-61
1615531036,-60
1615531037,-64
1615531038,-58
1615531040,-58
1615531041,-69
1615531042,-61
1615531043,-62
1615531045,-62
1615531046,-67
1615531047,-59
1615531048,-58
1615531049,-51
1615531051,-51
1615531052,-53
1615531053,-53
1615531054,-53
1615531056,-56
1615531057,-57
1615531058,-56
1615531059,-62
1615531060,-65
1615531062,-64
1615531063,-60
1615531064,-64
1615531065,-60
1615531067,-59
1615531068,-61
1615531069,-57
1615531070,-56
1615531071,-50
1615531073,-52
1615531074,-55
1615531075,-61
1615531076,-74
1615531078,-78
1615531079,-64
1615531080,-65
1615531081,-62
1615531083,-66
1615531084,-64
1615531085,-65
1615531086,-65
1615531087,-65
1615531089,-65
1615531090,-66
1615531091,-66
1615531092,-66
1615531094,-65
1615531095,-66
1615531096,-67
1615531097,-67
1615531098,-66
1615531100,-66
1615531101,-67
1615531102,-66
1615531103,-66
1615531105,-64
1615531106,-65
1615531107,-65
1615531108,-66
1615531109,-66
1615531111,-68
1615531112,-67
1615531113,-69
1615531114,-67
1615531116,-68
1615531117,-69
1615531118,-69
1615531119,-68
1615531121,-69
1615531122,-68
1615531123,-67
1615531124,-71
1615531125,-73
1615531127,-70
1615531128,-67
1615531129,-68
1615531130,-68
1615531132,-68
1615531133,-68
1615531134,-67
1615531135,-68
1615531136,-70
1615531138,-70
1615531139,-70
1615531140,-69
1615531141,-67
1615531143,-68
1615531144,-74
1615531145,-66
1615531146,-68
1615531148,-68
1615531149,-68
1615531150,-69
1615531151,-68
1615531152,-67
1615531154,-65
1615531155,-69
1615531156,-69
1615531157,-69
1615531159,-69
1615531160,-68
1615531161,-68
1615531162,-69
1615531163,-68
1615531165,-68
1615531166,-68
1615531167,-68
1615531168,-69
1615531170,-68
1615531171,-68
1615531172,-68
1615531173,-68
1615531174,-68
1615531176,-67
1615531177,-68
1615531178,-67
1615531179,-67
1615531181,-67
1615531182,-67
1615531183,-67
1615531184,-67
1615531186,-67
1615531187,-67
1615531188,-67
1615531189,-68
1615531190,-67
1615531192,-67
1615531193,-67
1615531194,-67
1615531195,-67
1615531197,-67
1615531198,-67
1615531199,-67
1615531200,-67
1615531201,-68
1615531203,-67
1615531204,-67
1615531205,-67
1615531206,-67
1615531208,-66
1615531209,-66
1615531210,-67
1615531211,-68
1615531213,-67
1615531214,-67
1615531215,-67
1615531216,-68
1615531217,-67
1615531219,-67
1615531220,-68
1615531221,-67
1615531222,-68
1615531224,-67
1615531225,-67
1615531226,-67
1615531227,-66
1615531228,-67
1615531230,-67
1615531231,-67
1615531232,-67
1615531233,-67
1615531235,-67
1615531236,-66
1615531237,-66
1615531238,-68
1615531239,-67
1615531241,-67
1615531242,-67
1615531243,-67
1615531244,-67
1615531246,-66
1615531247,-67
1615531248,-68
1615531249,-68
1615531251,-69
1615531252,-68
1615531253,-69
1615531254,-70
1615531255,-68
1615531257,-75
1615531258,-67
1615531259,-66
1615531260,-69
1615531262,-68
1615531263,-69
1615531264,-69
1615531265,-71
1615531266,-73
1615531268,-71
1615531269,-73
1615531270,-72
1615531271,-67
1615531273,-69
1615531274,-72
1615531275,-72
1615531276,-73
1615531277,-72
1615531279,-71
1615531280,-72
1615531281,-71
1615531282,-72
1615531284,-70
1615531285,-68
1615531286,-69
1615531287,-69
1615531289,-68
1615531290,-73
1615531291,-68
1615531292,-71
1615531293,-69
1615531295,-66
1615531296,-60
1615531297,-57
1615531298,-55
1615531300,-56
1615531301,-58
1615531302,-60
1615531303,-61
1615531304,-66
1615531306,-67
1615531307,-68
1615531308,-70
1615531309,-69
1615531311,-70
1615531312,-73
1615531313,-72
1615531314,-72
1615531315,-71
1615531317,-72
1615531318,-73
1615531319,-73
1615531320,-77
1615531322,-76
1615531323,-78
1615531324,-79
1615531325,-84
1615531327,-78
1615531328,-77
1615531329,-76
1615531330,-77
1615531331,-79
1615531333,-78
1615531334,-77
1615531335,-77
1615531336,-77
1615531338,-77
1615531339,-76
1615531340,-76
1615531341,-77
1615531342,-79
1615531344,-77
1615531345,-77
1615531346,-76
1615531347,-76
1615531349,-76
1615531350,-76
1615531351,-76
1615531352,-77
1615531353,-76
1615531355,-76
1615531356,-77
1615531357,-78
1615531358,-81
1615531360,-77
1615531361,-77
1615531362,-77
1615531363,-77
1615531365,-77
1615531366,-76
1615531367,-78
1615531368,-78
1615531369,-84
1615531371,-83
1615531372,-82
1615531373,-81
1615531374,-79
1615531376,-78
1615531377,-77
1615531378,-79
1615531379,-77
1615531380,-78
1615531382,-78
1615531383,-78
1615531384,-77
1615531385,-79
1615531387,-76
1615531388,-78
1615531389,-76
1615531390,-77
1615531392,-76
1615531393,-77
1615531394,-76
1615531395,-76
1615531396,-76
1615531398,-77
1615531399,-76
1615531400,-78
1615531401,-77
1615531403,-77
1615531404,-76
1615531405,-76
1615531406,-77
1615531407,-77
1615531409,-77
1615531410,-77
1615531411,-77
1615531412,-76
1615531414,-77
1615531415,-77
1615531416,-77
1615531417,-77
1615531418,-78
1615531420,-79
1615531421,-79
1615531422,-78
1615531423,-79
1615531425,-79
1615531426,-79
1615531427,-79
1615531428,-77
1615531430,-77
1615531431,-78
1615531432,-79
1615531433,-79
1615531434,-81
1615531436,-77
1615531437,-76
1615531438,-77
1615531439,-77
1615531441,-77
1615531442,-77
1615531443,-78
1615531444,-77
1615531445,-77
1615531447,-78
1615531448,-78
1615531449,-79
1615531450,-77
1615531452,-77
1615531453,-77
1615531454,-78
1615531455,-77
1615531456,-77
1615531458,-77
1615531459,-77
1615531460,-77
1615531461,-77
1615531463,-77
1615531464,-77
1615531465,-77
1615531466,-79
1615531468,-77
1615531469,-78
1615531470,-78
1615531471,-77
1615531472,-79
1615531474,-78
1615531475,-78
1615531476,-78
1615531477,-77
1615531479,-77
1615531480,-77
1615531481,-78
1615531482,-78
1615531483,-78
1615531485,-78
1615531486,-78
1615531487,-78
1615531488,-79
1615531490,-78
1615531491,-78
1615531492,-78
1615531493,-77
1615531494,-77
1615531496,-77
1615531497,-77
1615531498,-78
1615531499,-77
1615531501,-77
1615531502,-77
1615531503,-77
1615531504,-78
1615531506,-77
1615531507,-78
1615531508,-79
1615531509,-79
1615531510,-79
1615531512,-79
1615531513,-81
1615531514,-78
1615531515,-78
1615531517,-79
1615531518,-78
1615531519,-78
1615531520,-77
1615531521,-78
1615531523,-78
1615531524,-78
1615531525,-78
1615531526,-77
1615531528,-78
1615531529,-79
1615531530,-78
1615531531,-78
1615531533,-78
1615531534,-78
1615531535,-79
1615531536,-79
1615531537,-78
1615531539,-78
1615531540,-79
1615531541,-79
1615531542,-79
1615531544,-79
1615531545,-82
1615531546,-82
1615531547,-83
1615531548,-83
1615531550,-83
1615531551,-83
1615531552,-84
1615531553,-83
1615531555,-83
1615531556,-83
1615531557,-82
1615531558,-82
1615531559,-81
1615531561,-81
1615531562,-81
1615531563,-81
1615531564,-81
1615531566,-81
1615531567,-81
1615531568,-82
1615531569,-82
1615531571,-83
1615531572,-82
1615531573,-82
1615531574,-81
1615531575,-82
1615531577,-82
1615531578,-82
1615531579,-81
1615531580,-81
1615531582,-81
1615531583,-79
1615531584,-79
1615531585,-79
1615531586,-81
1615531588,-79
1615531589,-81
1615531590,-83
1615531591,-83
1615531593,-87
1615531594,-89
1615531595,-92
1615531596,-88
1615531597,-88
1615531599,-93
1615531600,-93
1615531601,-92
1615531602,-92
1615531604,-93
1615531605,-88
1615531606,-93
1615531622,-88
1615531623,-84
1615531624,-85
1615531625,-89
1615531627,-87
1615531628,-85
1615531629,-88
1615531630,-85
1615531631,-91
1615531633,-89
1615531634,-88
1615531635,-90
1615531636,-88
1615531638,-88
1615531639,-87
1615531640,-86
1615531641,-85
1615531642,-87
1615531644,-88
1615531645,-86
1615531646,-86
1615531647,-89
1615531649,-86
1615531650,-84
1615531651,-87
1615531652,-87
1615531654,-88
1615531655,-86
1615531656,-90
1615531657,-82
1615531658,-79
1615531660,-77
1615531661,-77
1615531662,-77
1615531663,-79
1615531665,-82
1615531666,-77
1615531667,-76
1615531668,-76
1615531669,-75
1615531671,-76
1615531672,-76
1615531673,-77
1615531674,-76
1615531676,-77
1615531677,-76
1615531678,-77
1615531679,-76
1615531680,-76
1615531682,-77
1615531683,-79
1615531684,-79
1615531685,-79
1615531687,-78
1615531688,-76
1615531689,-79
1615531690,-77
1615531692,-77
1615531693,-77
1615531694,-76
1615531695,-77
1615531696,-78
1615531698,-77
1615531699,-78
1615531700,-77
1615531701,-77
1615531703,-78
1615531704,-77
1615531705,-77
1615531706,-78
1615531707,-78
1615531709,-77
1615531710,-78
1615531711,-78
1615531712,-79
1615531714,-78
1615531715,-78
1615531716,-78
1615531717,-79
1615531718,-78
1615531720,-77
1615531721,-76
1615531722,-76
1615531723,-74
1615531725,-74
1615531726,-74
1615531727,-74
1615531728,-72
1615531730,-73
1615531731,-74
1615531732,-75
1615531733,-73
1615531734,-74
1615531736,-74
1615531737,-75
1615531738,-73
1615531739,-73
1615531741,-74
1615531742,-75
1615531743,-73
1615531744,-73
1615531745,-73
1615531747,-74
1615531748,-74
1615531749,-75
1615531750,-75
1615531752,-75
1615531753,-75
1615531754,-75
1615531755,-74
1615531756,-75
1615531758,-76
1615531759,-75
1615531760,-76
1615531761,-75
1615531763,-74
1615531764,-74
1615531765,-74
1615531766,-74
1615531768,-75
1615531769,-75
1615531770,-75
1615531771,-75
1615531772,-75
1615531774,-74
1615531775,-75
1615531776,-75
1615531777,-75
1615531779,-74
1615531780,-75
1615531781,-76
1615531782,-75
1615531783,-76
1615531785,-75
1615531786,-75
1615531787,-75
1615531788,-76
1615531790,-73
1615531791,-73
1615531792,-73
1615531793,-75
1615531794,-75
1615531796,-75
1615531797,-75
1615531798,-77
1615531799,-75
1615531801,-76
1615531802,-76
1615531803,-76
1615531804,-75
1615531806,-74
1615531807,-73
1615531808,-75
1615531809,-75
1615531810,-75
1615531812,-75
1615531813,-76
1615531814,-75
1615531815,-74
1615531817,-75
1615531818,-75
1615531819,-75
1615531820,-75
1615531821,-75
1615531823,-75
1615531824,-75
1615531825,-76
1615531826,-73
1615531828,-75
1615531829,-75
1615531830,-75
1615531831,-76
1615531832,-75
1615531834,-75
1615531835,-75
1615531836,-74
1615531837,-75
1615531839,-75
1615531840,-75
1615531841,-77
1615531842,-75
1615531844,-76
1615531845,-75
1615531846,-74
1615531847,-78
1615531848,-75
1615531850,-76
1615531851,-76
1615531852,-76
1615531853,-75
1615531855,-76
1615531856,-76
1615531857,-75
1615531858,-75
1615531859,-74
1615531861,-75
1615531862,-75
1615531863,-74
1615531864,-75
1615531866,-75
1615531867,-75
1615531868,-75
1615531869,-75
1615531871,-75
1615531872,-74
1615531873,-75
1615531874,-75
1615531875,-74
1615531877,-74
1615531878,-74
1615531879,-74
1615531880,-74
1615531882,-74
1615531883,-74
1615531884,-74
1615531885,-75
1615531886,-74
1615531888,-74
1615531889,-74
1615531890,-74
1615531891,-74
1615531893,-75
1615531894,-74
1615531895,-75
1615531896,-74
1615531897,-74
1615531899,-77
1615531900,-78
1615531901,-78
1615531902,-81
1615531904,-81
1615531905,-76
1615531906,-77
1615531907,-77
1615531909,-76
1615531910,-77
1615531911,-77
1615531912,-77
1615531913,-77
1615531915,-77
1615531916,-77
1615531917,-77
1615531918,-77
1615531920,-77
1615531921,-77
1615531922,-77
1615531923,-77
1615531924,-77
1615531926,-77
1615531927,-77
1615531928,-77
1615531929,-77
1615531931,-77
1615531932,-77
1615531933,-76
1615531934,-77
1615531935,-76
1615531937,-77
1615531938,-77
1615531939,-77
1615531940,-77
1615531942,-77
1615531943,-76
1615531944,-78
1615531945,-78
1615531947,-78
1615531948,-81
1615531949,-82
1615531950,-79
1615531951,-77
1615531953,-77
1615531954,-79
1615531955,-81
1615531956,-79
1615531958,-78
1615531959,-79
1615531960,-79
1615531961,-78
1615531962,-79
1615531964,-79
1615531965,-78
1615531966,-78
1615531967,-78
1615531969,-78
1615531970,-78
1615531971,-78
1615531972,-78
1615531973,-78
1615531975,-78
1615531976,-77
1615531977,-77
1615531978,-77
1615531980,-78
1615531981,-77
1615531982,-77
1615531983,-77
1615531985,-78
1615531986,-78
1615531987,-78
1615531988,-77
1615531989,-77
1615531991,-77
1615531992,-77
1615531993,-77
1615531994,-76
1615531996,-77
1615531997,-78
1615531998,-79
1615531999,-79
1615532000,-82
1615532002,-82
1615532003,-81
1615532004,-82
1615532005,-81
1615532007,-81
1615532008,-81
1615532009,-81
1615532010,-81
1615532011,-81
1615532013,-79
1615532014,-81
1615532015,-82
1615532016,-82
1615532018,-82
1615532019,-82
1615532020,-82
1615532021,-83
1615532023,-82
1615532024,-81
1615532025,-82
1615532026,-82
1615532027,-82
1615532029,-82
1615532030,-82
1615532031,-81
1615532032,-82
1615532034,-81
1615532035,-81
1615532036,-81
1615532037,-81
1615532038,-81
1615532040,-82
1615532041,-82
1615532042,-81
1615532043,-82
1615532045,-82
1615532046,-82
1615532047,-82
1615532048,-82
1615532049,-83
1615532051,-83
1615532052,-95
1615532068,-94
1615532069,-92
1615532070,-94
1615532071,-95
1615532072,-90
1615532074,-87
1615532075,-89
1615532076,-91
1615532077,-91
1615532079,-90
1615532080,-90
1615532081,-89
1615532082,-91
1615532083,-95
1615532085,-90
1615532086,-93
1615532087,-100
1615532088,-92
1615532090,-100
1615532091,-93
1615532092,-96
1615532093,-95
1615532094,-96
1615532096,-94
1615532097,-94
1615532098,-100
1615532099,-100
1615532101,-94
1615532102,-96
1615532103,-92
1615532104,-93
1615532106,-96
1615532107,-90
1615532108,-91
1615532109,-91
1615532110,-92
1615532112,-94
1615532113,-92
1615532114,-94
1615532115,-91
1615532117,-87
1615532118,-88
1615532119,-85
1615532120,-84
1615532121,-84
1615532123,-83
1615532124,-83
1615532125,-81
1615532126,-79
1615532128,-79
1615532129,-78
1615532130,-78
1615532131,-77
1615532132,-78
1615532134,-77
1615532135,-82
1615532136,-73
1615532137,-71
1615532139,-65
1615532140,-67
1615532141,-69
1615532142,-64
1615532144,-66
1615532145,-72
1615532146,-81
1615532147,-78
1615532148,-81
1615532150,-81
1615532151,-83
1615532152,-84
1615532153,-84
1615532155,-85
1615532156,-88
1615532157,-85
1615532158,-84
1615532159,-87
1615532161,-85
1615532162,-85
1615532163,-81
1615532164,-82
1615532166,-82
1615532167,-85
1615532168,-83
1615532169,-81
1615532170,-82
1615532172,-84
1615532173,-83
1615532174,-84
